592 
0 0 
0 
949 1168 1022 1241 
438 730 511 803 

0 0 
0 
1022 1095 1095 1168 
511 730 584 803 

0 0 
0 
1022 1168 1095 1241 
511 730 584 803 

0 0 
0 
949 1095 1022 1168 
438 803 511 876 

0 0 
0 
1095 1314 1168 1387 
803 949 876 1022 

0 0 
0 
1022 1314 1095 1387 
657 949 730 1022 

0 0 
0 
949 1314 1022 1387 
584 1022 657 1095 

0 0 
0 
949 1241 1022 1314 
584 730 657 803 

0 0 
0 
1241 1314 1314 1387 
803 1022 876 1095 

0 0 
0 
1168 1314 1241 1387 
511 1022 584 1095 

0 0 
0 
1022 1533 1095 1606 
438 73 511 146 

0 0 
0 
1095 1533 1168 1606 
146 584 219 657 

0 0 
0 
1168 1533 1241 1606 
146 584 219 657 

0 0 
0 
1241 1533 1314 1606 
146 584 219 657 

0 0 
0 
1095 1460 1168 1533 
657 438 730 511 

0 0 
0 
1241 1460 1314 1533 
657 438 730 511 

0 0 
0 
949 1387 1022 1460 
730 292 803 365 

0 0 
0 
949 1460 1022 1533 
730 292 803 365 

0 0 
0 
1022 1387 1095 1460 
730 292 803 365 

0 0 
0 
1168 1460 1241 1533 
730 292 803 365 

0 0 
0 
1241 1387 1314 1460 
730 292 803 365 

0 0 
0 
1168 1387 1241 1460 
803 219 876 292 

0 0 
0 
1095 1387 1168 1460 
803 219 876 292 

0 0 
0 
1606 1533 1679 1606 
876 73 949 146 

0 0 
0 
1825 1533 1898 1606 
876 73 949 146 

0 0 
0 
1606 1460 1679 1533 
584 365 657 438 

0 0 
0 
1679 1387 1752 1460 
584 365 657 438 

0 0 
0 
1825 1387 1898 1460 
584 365 657 438 

0 0 
0 
1898 1460 1971 1533 
584 365 657 438 

0 0 
0 
1679 1460 1752 1533 
511 438 584 511 

0 0 
0 
1825 1460 1898 1533 
511 438 584 511 

0 0 
0 
1752 1387 1825 1460 
511 438 584 511 

0 0 
0 
1752 1460 1825 1533 
803 292 876 365 

0 0 
0 
1606 1387 1679 1460 
803 292 876 365 

0 0 
0 
1898 1387 1971 1460 
803 292 876 365 

0 0 
0 
1679 1314 1752 1387 
730 803 803 876 

0 0 
0 
1825 1314 1898 1387 
730 803 803 876 

0 0 
0 
1752 1314 1825 1387 
511 949 584 1022 

0 0 
0 
1898 1314 1971 1387 
803 1022 876 1095 

0 0 
0 
1606 1314 1679 1387 
584 1022 657 1095 

0 0 
0 
1898 1241 1971 1314 
803 730 876 803 

0 0 
0 
1898 1168 1971 1241 
803 730 876 803 

0 0 
0 
1898 1095 1971 1168 
803 657 876 730 

0 0 
0 
1825 1095 1898 1168 
584 730 657 803 

0 0 
0 
1825 1168 1898 1241 
438 803 511 876 

0 0 
0 
949 803 1022 876 
657 219 730 292 

0 0 
0 
949 730 1022 803 
657 365 730 438 

0 0 
0 
1022 730 1095 803 
657 365 730 438 

0 0 
0 
1022 803 1095 876 
803 292 876 365 

0 0 
0 
949 657 1022 730 
584 1022 657 1095 

0 0 
0 
1022 657 1095 730 
803 1022 876 1095 

0 0 
0 
1095 657 1168 730 
146 584 219 657 

0 0 
0 
1168 657 1241 730 
146 584 219 657 

0 0 
0 
1241 657 1314 730 
146 584 219 657 

0 0 
0 
1752 1533 1825 1606 
146 584 219 657 

0 0 
0 
1679 1533 1752 1606 
146 584 219 657 

0 0 
0 
1898 1533 1971 1606 
146 584 219 657 

0 0 
0 
1241 584 1314 657 
657 438 730 511 

0 0 
0 
1241 511 1314 584 
657 438 730 511 

0 0 
0 
1095 584 1168 657 
657 438 730 511 

0 0 
0 
1168 511 1241 584 
657 438 730 511 

0 0 
0 
1168 584 1241 657 
657 292 730 365 

0 0 
0 
1241 438 1314 511 
803 1022 876 1095 

0 0 
0 
1022 584 1095 657 
803 657 876 730 

0 0 
0 
1022 511 1095 584 
803 657 876 730 

0 0 
0 
1095 438 1168 511 
803 365 876 438 

0 0 
0 
1022 438 1095 511 
511 657 584 730 

0 0 
0 
1168 438 1241 511 
803 584 876 657 

0 0 
0 
1095 511 1168 584 
803 438 876 511 

0 0 
0 
949 584 1022 657 
438 730 511 803 

0 0 
0 
949 511 1022 584 
438 730 511 803 

0 0 
0 
949 438 1022 511 
438 730 511 803 

0 0 
0 
1825 803 1898 876 
584 365 657 438 

0 0 
0 
1825 730 1898 803 
584 365 657 438 

0 0 
0 
1898 730 1971 803 
584 365 657 438 

0 0 
0 
1898 803 1971 876 
584 365 657 438 

0 0 
0 
1898 657 1971 730 
803 1022 876 1095 

0 0 
0 
1825 657 1898 730 
584 1022 657 1095 

0 0 
0 
1898 584 1971 657 
657 730 730 803 

0 0 
0 
1898 511 1971 584 
657 730 730 803 

0 0 
0 
1898 438 1971 511 
657 730 730 803 

0 0 
0 
1825 584 1898 657 
730 730 803 803 

0 0 
0 
1825 511 1898 584 
730 730 803 803 

0 0 
0 
1825 438 1898 511 
438 657 511 730 

0 0 
0 
1752 657 1825 730 
803 73 876 146 

0 0 
0 
1606 657 1679 730 
803 73 876 146 

0 0 
0 
1679 657 1752 730 
219 438 292 511 

0 0 
0 
1606 584 1679 657 
438 438 511 511 

0 0 
0 
1606 511 1679 584 
438 438 511 511 

0 0 
0 
1752 584 1825 657 
438 438 511 511 

0 0 
0 
1679 584 1752 657 
438 438 511 511 

0 0 
0 
1679 438 1752 511 
730 876 803 949 

0 0 
0 
1752 438 1825 511 
730 365 803 438 

0 0 
0 
1679 511 1752 584 
730 292 803 365 

0 0 
0 
1606 438 1679 511 
730 1022 803 1095 

0 0 
0 
1168 730 1241 803 
438 146 511 219 

0 0 
0 
1241 730 1314 803 
438 146 511 219 

0 0 
0 
1606 730 1679 803 
438 146 511 219 

0 0 
0 
1679 730 1752 803 
438 146 511 219 

0 0 
0 
949 1606 1022 1679 
438 146 511 219 

0 0 
0 
1022 1606 1095 1679 
438 146 511 219 

0 0 
0 
1095 1606 1168 1679 
438 146 511 219 

0 0 
0 
1168 1606 1241 1679 
438 146 511 219 

0 0 
0 
1241 1606 1314 1679 
438 146 511 219 

0 0 
0 
1606 1606 1679 1679 
438 146 511 219 

0 0 
0 
1679 1606 1752 1679 
438 146 511 219 

0 0 
0 
1752 1606 1825 1679 
438 146 511 219 

0 0 
0 
1825 1606 1898 1679 
438 146 511 219 

0 0 
0 
1898 1606 1971 1679 
438 146 511 219 

0 0 
0 
1241 876 1314 949 
0 292 73 365 

0 0 
0 
1460 1022 1533 1095 
0 292 73 365 

0 0 
0 
1679 1241 1752 1314 
365 219 438 292 

0 0 
0 
1168 876 1241 949 
73 146 146 219 

0 0 
0 
1168 803 1241 876 
73 146 146 219 

0 0 
0 
1606 1022 1679 1095 
73 146 146 219 

0 0 
0 
1460 1168 1533 1241 
73 146 146 219 

0 0 
0 
1460 1241 1533 1314 
73 146 146 219 

0 0 
0 
1533 1168 1606 1241 
73 146 146 219 

0 0 
0 
1533 1241 1606 1314 
73 146 146 219 

0 0 
0 
1679 1022 1752 1095 
73 146 146 219 

0 0 
0 
1679 949 1752 1022 
73 146 146 219 

0 0 
0 
1606 949 1679 1022 
73 146 146 219 

0 0 
0 
1095 803 1168 876 
146 292 219 365 

0 0 
0 
1095 876 1168 949 
146 292 219 365 

0 0 
0 
1095 730 1168 803 
146 292 219 365 

0 0 
0 
949 876 1022 949 
146 438 219 511 

0 0 
0 
1022 876 1095 949 
219 584 292 657 

0 0 
0 
949 949 1022 1022 
146 657 219 730 

0 0 
0 
1022 949 1095 1022 
146 657 219 730 

0 0 
0 
949 1022 1022 1095 
146 146 219 219 

0 0 
0 
1022 1022 1095 1095 
146 146 219 219 

0 0 
0 
1095 949 1168 1022 
146 146 219 219 

0 0 
0 
1168 949 1241 1022 
146 146 219 219 

0 0 
0 
1387 803 1460 876 
146 146 219 219 

0 0 
0 
1387 876 1460 949 
146 146 219 219 

0 0 
0 
1533 876 1606 949 
146 146 219 219 

0 0 
0 
1606 876 1679 949 
146 146 219 219 

0 0 
0 
1533 803 1606 876 
365 73 438 146 

0 0 
0 
1460 876 1533 949 
365 73 438 146 

0 0 
0 
1460 803 1533 876 
365 73 438 146 

0 0 
0 
1533 949 1606 1022 
365 73 438 146 

0 0 
0 
1460 949 1533 1022 
365 73 438 146 

0 0 
0 
1387 949 1460 1022 
365 73 438 146 

0 0 
0 
1387 1022 1460 1095 
365 73 438 146 

0 0 
0 
1387 1095 1460 1168 
365 73 438 146 

0 0 
0 
1460 1095 1533 1168 
365 73 438 146 

0 0 
0 
1533 1095 1606 1168 
365 73 438 146 

0 0 
0 
1533 1022 1606 1095 
365 73 438 146 

0 0 
0 
1314 1022 1387 1095 
365 73 438 146 

0 0 
0 
1241 1022 1314 1095 
365 73 438 146 

0 0 
0 
1241 949 1314 1022 
365 73 438 146 

0 0 
0 
1314 949 1387 1022 
365 73 438 146 

0 0 
0 
1241 1095 1314 1168 
365 73 438 146 

0 0 
0 
1241 1168 1314 1241 
365 73 438 146 

0 0 
0 
1387 1168 1460 1241 
365 146 438 219 

0 0 
0 
1314 1168 1387 1241 
365 146 438 219 

0 0 
0 
1314 1241 1387 1314 
365 146 438 219 

0 0 
0 
1387 1241 1460 1314 
365 146 438 219 

0 0 
0 
1095 1095 1168 1168 
365 146 438 219 

0 0 
0 
1095 1168 1168 1241 
365 146 438 219 

0 0 
0 
1095 1022 1168 1095 
365 219 438 292 

0 0 
0 
1168 1168 1241 1241 
219 73 292 146 

0 0 
0 
1168 1095 1241 1168 
219 73 292 146 

0 0 
0 
1314 876 1387 949 
219 73 292 146 

0 0 
0 
1314 803 1387 876 
219 73 292 146 

0 0 
0 
1241 803 1314 876 
219 73 292 146 

0 0 
0 
1314 730 1387 803 
219 73 292 146 

0 0 
0 
1387 730 1460 803 
219 73 292 146 

0 0 
0 
1387 657 1460 730 
219 73 292 146 

0 0 
0 
1387 584 1460 657 
219 73 292 146 

0 0 
0 
1387 511 1460 584 
219 73 292 146 

0 0 
0 
1460 511 1533 584 
219 73 292 146 

0 0 
0 
1460 584 1533 657 
219 73 292 146 

0 0 
0 
1460 657 1533 730 
219 73 292 146 

0 0 
0 
1460 730 1533 803 
219 73 292 146 

0 0 
0 
1533 730 1606 803 
219 73 292 146 

0 0 
0 
1606 803 1679 876 
219 146 292 219 

0 0 
0 
1679 803 1752 876 
219 146 292 219 

0 0 
0 
1679 876 1752 949 
219 146 292 219 

0 0 
0 
1314 1095 1387 1168 
219 146 292 219 

0 0 
0 
1679 1168 1752 1241 
219 146 292 219 

0 0 
0 
1752 1241 1825 1314 
219 146 292 219 

0 0 
0 
1606 1241 1679 1314 
219 146 292 219 

0 0 
0 
1606 1168 1679 1241 
365 146 438 219 

0 0 
0 
1606 1095 1679 1168 
365 146 438 219 

0 0 
0 
1679 1095 1752 1168 
365 146 438 219 

0 0 
0 
1752 1095 1825 1168 
365 146 438 219 

0 0 
0 
1752 1168 1825 1241 
365 146 438 219 

0 0 
0 
1752 1022 1825 1095 
365 146 438 219 

0 0 
0 
1752 949 1825 1022 
365 146 438 219 

0 0 
0 
1898 1022 1971 1095 
365 146 438 219 

0 0 
0 
1825 1022 1898 1095 
365 146 438 219 

0 0 
0 
1752 730 1825 803 
219 292 292 365 

0 0 
0 
1752 803 1825 876 
219 292 292 365 

0 0 
0 
1752 876 1825 949 
219 292 292 365 

0 0 
0 
1825 876 1898 949 
292 438 365 511 

0 0 
0 
1898 876 1971 949 
365 584 438 657 

0 0 
0 
1825 949 1898 1022 
292 657 365 730 

0 0 
0 
1898 949 1971 1022 
365 657 438 730 

0 0 
0 
1387 438 1460 511 
219 219 292 292 

0 0 
0 
1460 438 1533 511 
219 219 292 292 

0 0 
0 
949 365 1022 438 
73 219 146 292 

0 0 
0 
1022 365 1095 438 
73 219 146 292 

0 0 
0 
1241 365 1314 438 
73 219 146 292 

0 0 
0 
1314 365 1387 438 
73 219 146 292 

0 0 
0 
1460 365 1533 438 
73 219 146 292 

0 0 
0 
1606 365 1679 438 
73 219 146 292 

0 0 
0 
1679 365 1752 438 
73 219 146 292 

0 0 
0 
1825 365 1898 438 
73 219 146 292 

0 0 
0 
1898 365 1971 438 
73 219 146 292 

0 0 
0 
876 511 949 584 
219 365 292 438 

0 0 
0 
876 584 949 657 
219 365 292 438 

0 0 
0 
876 657 949 730 
219 365 292 438 

0 0 
0 
876 730 949 803 
219 365 292 438 

0 0 
0 
876 876 949 949 
219 365 292 438 

0 0 
0 
876 1606 949 1679 
219 146 292 219 

0 0 
0 
876 365 949 438 
146 292 219 365 

0 0 
0 
876 949 949 1022 
219 219 292 292 

0 0 
0 
876 1022 949 1095 
219 219 292 292 

0 0 
0 
1387 1314 1460 1387 
219 219 292 292 

0 0 
0 
876 292 949 365 
0 511 73 584 

0 0 
0 
949 292 1022 365 
146 657 219 730 

0 0 
0 
1022 292 1095 365 
146 657 219 730 

0 0 
0 
1095 292 1168 365 
146 657 219 730 

0 0 
0 
1168 292 1241 365 
146 657 219 730 

0 0 
0 
1241 292 1314 365 
146 657 219 730 

0 0 
0 
1314 292 1387 365 
146 657 219 730 

0 0 
0 
1387 292 1460 365 
146 657 219 730 

0 0 
0 
1460 292 1533 365 
146 657 219 730 

0 0 
0 
1533 292 1606 365 
146 657 219 730 

0 0 
0 
1606 292 1679 365 
146 657 219 730 

0 0 
0 
1095 365 1168 438 
219 146 292 219 

0 0 
0 
1168 365 1241 438 
219 146 292 219 

0 0 
0 
1387 365 1460 438 
219 146 292 219 

0 0 
0 
1533 365 1606 438 
219 146 292 219 

0 0 
0 
1679 292 1752 365 
292 511 365 584 

0 0 
0 
1752 292 1825 365 
292 511 365 584 

0 0 
0 
1825 292 1898 365 
292 511 365 584 

0 0 
0 
1898 292 1971 365 
292 511 365 584 

0 0 
0 
1752 365 1825 438 
219 219 292 292 

0 0 
0 
876 803 949 876 
73 365 146 438 

0 0 
0 
876 438 949 511 
73 365 146 438 

0 0 
0 
876 219 949 292 
0 438 73 511 

0 0 
0 
1095 219 1168 292 
0 438 73 511 

0 0 
0 
1168 219 1241 292 
0 438 73 511 

0 0 
0 
1387 219 1460 292 
0 438 73 511 

0 0 
0 
1533 219 1606 292 
0 438 73 511 

0 0 
0 
1679 219 1752 292 
0 438 73 511 

0 0 
0 
1752 219 1825 292 
0 438 73 511 

0 0 
0 
1898 219 1971 292 
0 438 73 511 

0 0 
0 
949 219 1022 292 
219 584 292 657 

0 0 
0 
1022 219 1095 292 
219 584 292 657 

0 0 
0 
1241 219 1314 292 
219 584 292 657 

0 0 
0 
1314 219 1387 292 
219 584 292 657 

0 0 
0 
1460 219 1533 292 
219 584 292 657 

0 0 
0 
1606 219 1679 292 
219 584 292 657 

0 0 
0 
1825 219 1898 292 
219 584 292 657 

0 0 
0 
803 438 876 511 
438 146 511 219 

0 0 
0 
730 438 803 511 
438 146 511 219 

0 0 
0 
803 365 876 438 
657 73 730 146 

0 0 
0 
730 365 803 438 
657 73 730 146 

0 0 
0 
1168 1022 1241 1095 
219 146 292 219 

0 0 
0 
803 1387 876 1460 
219 146 292 219 

0 0 
0 
803 876 876 949 
73 73 146 146 

0 0 
0 
803 949 876 1022 
73 73 146 146 

0 0 
0 
803 1022 876 1095 
73 73 146 146 

0 0 
0 
803 1095 876 1168 
73 73 146 146 

0 0 
0 
803 1168 876 1241 
73 73 146 146 

0 0 
0 
803 1241 876 1314 
73 73 146 146 

0 0 
0 
803 1314 876 1387 
219 146 292 219 

0 0 
0 
730 1314 803 1387 
219 146 292 219 

0 0 
0 
730 1241 803 1314 
219 146 292 219 

0 0 
0 
803 803 876 876 
219 219 292 292 

0 0 
0 
730 803 803 876 
219 219 292 292 

0 0 
0 
730 876 803 949 
219 219 292 292 

0 0 
0 
730 949 803 1022 
219 219 292 292 

0 0 
0 
730 1022 803 1095 
219 219 292 292 

0 0 
0 
730 1095 803 1168 
219 219 292 292 

0 0 
0 
730 1168 803 1241 
219 219 292 292 

0 0 
0 
730 1387 803 1460 
219 219 292 292 

0 0 
0 
730 1460 803 1533 
219 219 292 292 

0 0 
0 
803 1460 876 1533 
219 219 292 292 

0 0 
0 
803 1533 876 1606 
219 219 292 292 

0 0 
0 
730 1533 803 1606 
219 219 292 292 

0 0 
0 
1022 1460 1095 1533 
730 292 803 365 

0 0 
0 
949 1533 1022 1606 
730 73 803 146 

0 0 
0 
1095 1241 1168 1314 
219 146 292 219 

0 0 
0 
1168 1241 1241 1314 
219 146 292 219 

0 0 
0 
1460 1314 1533 1387 
219 146 292 219 

0 0 
0 
1460 1387 1533 1460 
219 146 292 219 

0 0 
0 
1387 1387 1460 1460 
219 146 292 219 

0 0 
0 
1387 1460 1460 1533 
219 146 292 219 

0 0 
0 
1460 1460 1533 1533 
219 146 292 219 

0 0 
0 
1387 1533 1460 1606 
219 146 292 219 

0 0 
0 
1314 1606 1387 1679 
219 146 292 219 

0 0 
0 
1387 1606 1460 1679 
219 146 292 219 

0 0 
0 
1460 1606 1533 1679 
219 146 292 219 

0 0 
0 
1460 1533 1533 1606 
219 146 292 219 

0 0 
0 
1533 1606 1606 1679 
219 146 292 219 

0 0 
0 
1314 1533 1387 1606 
146 365 219 438 

0 0 
0 
1314 1460 1387 1533 
146 365 219 438 

0 0 
0 
1314 1387 1387 1460 
146 365 219 438 

0 0 
0 
1314 1314 1387 1387 
146 365 219 438 

0 0 
0 
1533 1314 1606 1387 
219 365 292 438 

0 0 
0 
1533 1387 1606 1460 
219 365 292 438 

0 0 
0 
1533 1460 1606 1533 
219 365 292 438 

0 0 
0 
1533 1533 1606 1606 
219 365 292 438 

0 0 
0 
803 511 876 584 
219 219 292 292 

0 0 
0 
803 584 876 657 
219 219 292 292 

0 0 
0 
730 511 803 584 
219 219 292 292 

0 0 
0 
730 584 803 657 
219 219 292 292 

0 0 
0 
730 657 803 730 
219 219 292 292 

0 0 
0 
803 657 876 730 
219 219 292 292 

0 0 
0 
803 730 876 803 
219 219 292 292 

0 0 
0 
730 730 803 803 
219 219 292 292 

0 0 
0 
730 219 803 292 
584 365 657 438 

0 0 
0 
803 219 876 292 
657 438 730 511 

0 0 
0 
803 292 876 365 
657 438 730 511 

0 0 
0 
730 292 803 365 
511 438 584 511 

0 0 
0 
657 730 730 803 
365 438 438 511 

0 0 
0 
584 730 657 803 
365 438 438 511 

0 0 
0 
511 730 584 803 
365 438 438 511 

0 0 
0 
438 730 511 803 
365 438 438 511 

0 0 
0 
365 730 438 803 
365 438 438 511 

0 0 
0 
292 730 365 803 
365 438 438 511 

0 0 
0 
657 803 730 876 
438 146 511 219 

0 0 
0 
584 803 657 876 
438 146 511 219 

0 0 
0 
511 803 584 876 
438 146 511 219 

0 0 
0 
438 803 511 876 
438 146 511 219 

0 0 
0 
365 803 438 876 
438 146 511 219 

0 0 
0 
292 803 365 876 
438 146 511 219 

0 0 
0 
584 876 657 949 
219 73 292 146 

0 0 
0 
511 876 584 949 
219 73 292 146 

0 0 
0 
438 876 511 949 
219 73 292 146 

0 0 
0 
657 949 730 1022 
219 73 292 146 

0 0 
0 
511 949 584 1022 
219 73 292 146 

0 0 
0 
438 949 511 1022 
219 73 292 146 

0 0 
0 
292 949 365 1022 
219 73 292 146 

0 0 
0 
657 1168 730 1241 
511 730 584 803 

0 0 
0 
657 1241 730 1314 
511 730 584 803 

0 0 
0 
657 1387 730 1460 
511 730 584 803 

0 0 
0 
657 1460 730 1533 
511 803 584 876 

0 0 
0 
657 1314 730 1387 
511 803 584 876 

0 0 
0 
657 1533 730 1606 
657 876 730 949 

0 0 
0 
657 511 730 584 
657 1022 730 1095 

0 0 
0 
657 438 730 511 
511 730 584 803 

0 0 
0 
657 365 730 438 
511 730 584 803 

0 0 
0 
657 292 730 365 
511 730 584 803 

0 0 
0 
657 219 730 292 
511 730 584 803 

0 0 
0 
730 146 803 219 
511 1022 584 1095 

0 0 
0 
657 146 730 219 
511 657 584 730 

0 0 
0 
657 657 730 730 
876 0 949 73 

0 0 
0 
584 584 657 657 
876 0 949 73 

0 0 
0 
511 584 584 657 
876 0 949 73 

0 0 
0 
365 584 438 657 
876 0 949 73 

0 0 
0 
365 657 438 730 
876 0 949 73 

0 0 
0 
292 657 365 730 
876 0 949 73 

0 0 
0 
657 584 730 657 
730 0 803 73 

0 0 
0 
584 657 657 730 
730 0 803 73 

0 0 
0 
511 657 584 730 
730 0 803 73 

0 0 
0 
438 657 511 730 
730 0 803 73 

0 0 
0 
438 584 511 657 
730 0 803 73 

0 0 
0 
292 584 365 657 
730 0 803 73 

0 0 
0 
584 511 657 584 
584 949 657 1022 

0 0 
0 
511 511 584 584 
584 949 657 1022 

0 0 
0 
365 511 438 584 
584 949 657 1022 

0 0 
0 
438 511 511 584 
511 1022 584 1095 

0 0 
0 
292 511 365 584 
511 1022 584 1095 

0 0 
0 
657 1095 730 1168 
146 146 219 219 

0 0 
0 
657 1022 730 1095 
146 146 219 219 

0 0 
0 
438 1095 511 1168 
146 146 219 219 

0 0 
0 
438 1022 511 1095 
146 146 219 219 

0 0 
0 
365 1095 438 1168 
146 146 219 219 

0 0 
0 
292 1095 365 1168 
146 146 219 219 

0 0 
0 
511 1095 584 1168 
146 146 219 219 

0 0 
0 
584 1022 657 1095 
146 146 219 219 

0 0 
0 
292 1022 365 1095 
73 219 146 292 

0 0 
0 
365 1022 438 1095 
73 219 146 292 

0 0 
0 
365 949 438 1022 
73 219 146 292 

0 0 
0 
511 1022 584 1095 
73 219 146 292 

0 0 
0 
365 876 438 949 
73 219 146 292 

0 0 
0 
657 876 730 949 
73 219 146 292 

0 0 
0 
584 1095 657 1168 
73 219 146 292 

0 0 
0 
292 876 365 949 
365 219 438 292 

0 0 
0 
584 949 657 1022 
73 73 146 146 

0 0 
0 
1752 511 1825 584 
730 219 803 292 

0 0 
0 
876 146 949 219 
876 0 949 73 

0 0 
0 
1095 146 1168 219 
876 0 949 73 

0 0 
0 
1387 146 1460 219 
876 0 949 73 

0 0 
0 
1168 146 1241 219 
876 0 949 73 

0 0 
0 
1752 146 1825 219 
876 0 949 73 

0 0 
0 
1898 146 1971 219 
876 0 949 73 

0 0 
0 
949 146 1022 219 
511 219 584 292 

0 0 
0 
1022 146 1095 219 
511 219 584 292 

0 0 
0 
1241 146 1314 219 
511 219 584 292 

0 0 
0 
1314 146 1387 219 
511 219 584 292 

0 0 
0 
1533 146 1606 219 
803 219 876 292 

0 0 
0 
1679 146 1752 219 
803 219 876 292 

0 0 
0 
876 73 949 146 
803 219 876 292 

0 0 
0 
949 73 1022 146 
803 219 876 292 

0 0 
0 
1241 73 1314 146 
803 219 876 292 

0 0 
0 
1460 73 1533 146 
803 219 876 292 

0 0 
0 
1752 73 1825 146 
803 219 876 292 

0 0 
0 
1898 73 1971 146 
803 219 876 292 

0 0 
0 
1606 73 1679 146 
803 219 876 292 

0 0 
0 
1022 73 1095 146 
584 219 657 292 

0 0 
0 
1314 73 1387 146 
584 219 657 292 

0 0 
0 
1533 73 1606 146 
584 219 657 292 

0 0 
0 
1679 73 1752 146 
584 219 657 292 

0 0 
0 
1825 73 1898 146 
584 219 657 292 

0 0 
0 
1168 73 1241 146 
584 438 657 511 

0 0 
0 
1095 73 1168 146 
584 438 657 511 

0 0 
0 
1387 73 1460 146 
584 438 657 511 

0 0 
0 
876 0 949 73 
511 949 584 1022 

0 0 
0 
1022 0 1095 73 
511 949 584 1022 

0 0 
0 
1168 0 1241 73 
511 949 584 1022 

0 0 
0 
1387 0 1460 73 
511 949 584 1022 

0 0 
0 
1533 0 1606 73 
511 949 584 1022 

0 0 
0 
1752 0 1825 73 
511 949 584 1022 

0 0 
0 
1898 0 1971 73 
511 949 584 1022 

0 0 
0 
949 0 1022 73 
438 949 511 1022 

0 0 
0 
1095 0 1168 73 
438 949 511 1022 

0 0 
0 
1241 0 1314 73 
438 949 511 1022 

0 0 
0 
1314 0 1387 73 
438 949 511 1022 

0 0 
0 
1460 0 1533 73 
438 949 511 1022 

0 0 
0 
1606 0 1679 73 
438 949 511 1022 

0 0 
0 
1679 0 1752 73 
438 949 511 1022 

0 0 
0 
1825 0 1898 73 
438 949 511 1022 

0 0 
0 
803 146 876 219 
657 1022 730 1095 

0 0 
0 
803 73 876 146 
511 730 584 803 

0 0 
0 
803 0 876 73 
511 657 584 730 

0 0 
0 
219 730 292 803 
949 73 1022 146 

0 0 
0 
146 730 219 803 
949 73 1022 146 

0 0 
0 
73 730 146 803 
949 73 1022 146 

0 0 
0 
0 730 73 803 
584 73 657 146 

0 0 
0 
219 803 292 876 
803 146 876 219 

0 0 
0 
146 803 219 876 
803 146 876 219 

0 0 
0 
73 803 146 876 
803 146 876 219 

0 0 
0 
0 803 73 876 
803 146 876 219 

0 0 
0 
146 584 219 657 
511 292 584 365 

0 0 
0 
219 584 292 657 
511 292 584 365 

0 0 
0 
73 584 146 657 
511 292 584 365 

0 0 
0 
0 584 73 657 
511 292 584 365 

0 0 
0 
0 657 73 730 
584 365 657 438 

0 0 
0 
73 657 146 730 
584 365 657 438 

0 0 
0 
219 657 292 730 
584 365 657 438 

0 0 
0 
146 657 219 730 
584 365 657 438 

0 0 
0 
219 511 292 584 
438 1022 511 1095 

0 0 
0 
0 511 73 584 
438 1022 511 1095 

0 0 
0 
73 511 146 584 
438 1022 511 1095 

0 0 
0 
146 511 219 584 
803 949 876 1022 

0 0 
0 
219 876 292 949 
146 219 219 292 

0 0 
0 
73 876 146 949 
146 219 219 292 

0 0 
0 
0 876 73 949 
146 219 219 292 

0 0 
0 
146 876 219 949 
146 219 219 292 

0 0 
0 
73 949 146 1022 
146 219 219 292 

0 0 
0 
0 949 73 1022 
146 219 219 292 

0 0 
0 
73 1022 146 1095 
146 219 219 292 

0 0 
0 
146 1022 219 1095 
146 219 219 292 

0 0 
0 
146 949 219 1022 
146 219 219 292 

0 0 
0 
219 949 292 1022 
146 219 219 292 

0 0 
0 
219 1022 292 1095 
146 219 219 292 

0 0 
0 
219 1095 292 1168 
146 219 219 292 

0 0 
0 
146 1095 219 1168 
146 219 219 292 

0 0 
0 
73 1095 146 1168 
146 219 219 292 

0 0 
0 
0 1095 73 1168 
146 219 219 292 

0 0 
0 
0 1022 73 1095 
146 219 219 292 

0 0 
0 
876 1679 949 1752 
73 0 146 73 

0 0 
0 
949 1679 1022 1752 
73 0 146 73 

0 0 
0 
1022 1679 1095 1752 
73 0 146 73 

0 0 
0 
1095 1679 1168 1752 
73 0 146 73 

0 0 
0 
1168 1679 1241 1752 
73 0 146 73 

0 0 
0 
1241 1679 1314 1752 
73 0 146 73 

0 0 
0 
1387 1679 1460 1752 
73 0 146 73 

0 0 
0 
1314 1679 1387 1752 
73 0 146 73 

0 0 
0 
1460 1679 1533 1752 
73 0 146 73 

0 0 
0 
1533 1679 1606 1752 
73 0 146 73 

0 0 
0 
1606 1679 1679 1752 
73 0 146 73 

0 0 
0 
1679 1679 1752 1752 
73 0 146 73 

0 0 
0 
1752 1679 1825 1752 
73 0 146 73 

0 0 
0 
1825 1679 1898 1752 
73 0 146 73 

0 0 
0 
1898 1679 1971 1752 
73 0 146 73 

0 0 
0 
1971 1095 2044 1168 
146 292 219 365 

0 0 
0 
1971 1168 2044 1241 
146 292 219 365 

0 0 
0 
1971 1241 2044 1314 
146 292 219 365 

0 0 
0 
1971 1387 2044 1460 
146 292 219 365 

0 0 
0 
1971 1533 2044 1606 
146 292 219 365 

0 0 
0 
1971 1314 2044 1387 
146 292 219 365 

0 0 
0 
1971 1460 2044 1533 
146 292 219 365 

0 0 
0 
876 1095 949 1168 
365 365 438 438 

0 0 
0 
876 1168 949 1241 
365 365 438 438 

0 0 
0 
876 1241 949 1314 
365 365 438 438 

0 0 
0 
876 1314 949 1387 
365 365 438 438 

0 0 
0 
876 1387 949 1460 
365 365 438 438 

0 0 
0 
876 1460 949 1533 
365 365 438 438 

0 0 
0 
876 1533 949 1606 
365 365 438 438 

0 0 
0 
1533 438 1606 511 
365 365 438 438 

0 0 
0 
1533 511 1606 584 
365 365 438 438 

0 0 
0 
1533 584 1606 657 
365 365 438 438 

0 0 
0 
1533 657 1606 730 
365 365 438 438 

0 0 
0 
1314 438 1387 511 
292 365 365 438 

0 0 
0 
1314 511 1387 584 
292 365 365 438 

0 0 
0 
1314 584 1387 657 
292 365 365 438 

0 0 
0 
1314 657 1387 730 
292 365 365 438 

0 0 
0 
1971 1022 2044 1095 
292 365 365 438 

0 0 
0 
1971 1606 2044 1679 
219 146 292 219 

0 0 
0 
1971 1679 2044 1752 
219 146 292 219 

0 0 
0 
2044 1533 2117 1606 
219 146 292 219 

0 0 
0 
2117 1533 2190 1606 
219 146 292 219 

0 0 
0 
2044 1460 2117 1533 
219 146 292 219 

0 0 
0 
2044 1387 2117 1460 
219 146 292 219 

0 0 
0 
2117 1387 2190 1460 
219 146 292 219 

0 0 
0 
2117 1314 2190 1387 
219 146 292 219 

0 0 
0 
2044 1241 2117 1314 
219 146 292 219 

0 0 
0 
2117 1241 2190 1314 
219 146 292 219 

0 0 
0 
2117 1168 2190 1241 
219 146 292 219 

0 0 
0 
2044 1095 2117 1168 
219 146 292 219 

0 0 
0 
2117 1022 2190 1095 
219 146 292 219 

0 0 
0 
2044 1022 2117 1095 
219 146 292 219 

0 0 
0 
2044 1168 2117 1241 
0 219 73 292 

0 0 
0 
2117 1095 2190 1168 
0 219 73 292 

0 0 
0 
2044 1314 2117 1387 
0 219 73 292 

0 0 
0 
2117 1460 2190 1533 
0 219 73 292 

0 0 
0 
2190 1460 2263 1533 
438 803 511 876 

0 0 
0 
2190 1387 2263 1460 
438 803 511 876 

0 0 
0 
2190 1241 2263 1314 
438 803 511 876 

0 0 
0 
2190 1095 2263 1168 
438 803 511 876 

0 0 
0 
2190 1022 2263 1095 
438 803 511 876 

0 0 
0 
2190 1533 2263 1606 
584 876 657 949 

0 0 
0 
2190 1168 2263 1241 
438 730 511 803 

0 0 
0 
2190 1314 2263 1387 
438 730 511 803 

0 0 
0 
1971 949 2044 1022 
219 219 292 292 

0 0 
0 
2044 949 2117 1022 
219 219 292 292 

0 0 
0 
2117 949 2190 1022 
219 219 292 292 

0 0 
0 
2117 730 2190 803 
219 219 292 292 

0 0 
0 
2044 730 2117 803 
219 219 292 292 

0 0 
0 
1971 730 2044 803 
219 219 292 292 

0 0 
0 
1971 803 2044 876 
219 219 292 292 

0 0 
0 
1971 876 2044 949 
219 219 292 292 

0 0 
0 
2044 876 2117 949 
219 219 292 292 

0 0 
0 
2117 584 2190 657 
219 219 292 292 

0 0 
0 
2044 511 2117 584 
219 219 292 292 

0 0 
0 
1971 438 2044 511 
219 219 292 292 

0 0 
0 
2044 365 2117 438 
219 219 292 292 

0 0 
0 
1971 657 2044 730 
219 219 292 292 

0 0 
0 
2044 584 2117 657 
219 219 292 292 

0 0 
0 
1971 584 2044 657 
0 146 73 219 

0 0 
0 
1971 511 2044 584 
0 146 73 219 

0 0 
0 
1971 365 2044 438 
0 146 73 219 

0 0 
0 
2117 365 2190 438 
0 146 73 219 

0 0 
0 
2117 438 2190 511 
0 146 73 219 

0 0 
0 
2044 438 2117 511 
0 146 73 219 

0 0 
0 
2117 511 2190 584 
0 146 73 219 

0 0 
0 
2044 657 2117 730 
0 146 73 219 

0 0 
0 
2117 657 2190 730 
0 146 73 219 

0 0 
0 
2044 803 2117 876 
0 146 73 219 

0 0 
0 
2117 876 2190 949 
0 146 73 219 

0 0 
0 
2117 803 2190 876 
0 146 73 219 

0 0 
0 
1022 1241 1095 1314 
657 876 730 949 

0 0 
0 
1825 1241 1898 1314 
584 876 657 949 

0 0 
0 
1971 0 2044 73 
730 803 803 876 

0 0 
0 
2044 0 2117 73 
730 803 803 876 

0 0 
0 
2117 0 2190 73 
730 803 803 876 

0 0 
0 
1971 73 2044 146 
584 438 657 511 

0 0 
0 
2044 146 2117 219 
584 438 657 511 

0 0 
0 
2117 146 2190 219 
584 438 657 511 

0 0 
0 
1971 146 2044 219 
803 219 876 292 

0 0 
0 
2044 73 2117 146 
803 219 876 292 

0 0 
0 
2117 73 2190 146 
803 219 876 292 

0 0 
0 
1971 219 2044 292 
584 73 657 146 

0 0 
0 
2117 219 2190 292 
584 73 657 146 

0 0 
0 
2117 292 2190 365 
584 146 657 219 

0 0 
0 
2044 292 2117 365 
584 146 657 219 

0 0 
0 
1971 292 2044 365 
584 146 657 219 

0 0 
0 
2044 219 2117 292 
292 438 365 511 

0 0 
0 
1460 146 1533 219 
438 219 511 292 

0 0 
0 
1606 146 1679 219 
438 219 511 292 

0 0 
0 
1825 146 1898 219 
438 219 511 292 

0 0 
0 
2190 730 2263 803 
438 803 511 876 

0 0 
0 
2190 584 2263 657 
438 803 511 876 

0 0 
0 
2190 438 2263 511 
438 803 511 876 

0 0 
0 
2190 292 2263 365 
438 803 511 876 

0 0 
0 
2190 219 2263 292 
438 803 511 876 

0 0 
0 
2190 146 2263 219 
438 803 511 876 

0 0 
0 
2190 73 2263 146 
438 803 511 876 

0 0 
0 
2190 365 2263 438 
438 730 511 803 

0 0 
0 
2190 511 2263 584 
438 730 511 803 

0 0 
0 
2190 657 2263 730 
438 730 511 803 

0 0 
0 
2190 803 2263 876 
438 730 511 803 

0 0 
0 
2190 876 2263 949 
438 730 511 803 

0 0 
0 
2190 949 2263 1022 
438 730 511 803 

0 0 
0 
2190 0 2263 73 
438 657 511 730 

54 
0 0 
0 
657 1095 730 1168 
511 584 584 657 

0 0 
0 
584 1095 657 1168 
584 511 657 584 

0 0 
0 
365 1095 438 1168 
584 511 657 584 

0 0 
0 
219 1095 292 1168 
584 511 657 584 

0 0 
0 
73 1095 146 1168 
584 511 657 584 

0 0 
0 
511 1095 584 1168 
584 511 657 584 

0 0 
0 
438 1095 511 1168 
584 511 657 584 

0 0 
0 
0 1095 73 1168 
584 511 657 584 

0 0 
0 
146 1095 219 1168 
803 511 876 584 

0 0 
0 
292 1095 365 1168 
803 511 876 584 

0 0 
0 
730 1533 803 1606 
438 511 511 584 

0 0 
0 
803 1533 876 1606 
511 584 584 657 

0 0 
0 
803 1606 876 1679 
657 657 730 730 

0 0 
0 
949 365 1022 438 
438 584 511 657 

0 0 
0 
1606 365 1679 438 
438 584 511 657 

0 0 
0 
949 1022 1022 1095 
438 584 511 657 

0 0 
0 
1825 1022 1898 1095 
438 584 511 657 

0 0 
0 
1898 365 1971 438 
657 584 730 657 

0 0 
0 
1898 1022 1971 1095 
657 584 730 657 

0 0 
0 
1022 1022 1095 1095 
657 584 730 657 

0 0 
0 
1241 365 1314 438 
657 584 730 657 

0 0 
0 
1022 365 1095 438 
657 511 730 584 

0 0 
0 
1095 365 1168 438 
657 511 730 584 

0 0 
0 
1825 365 1898 438 
657 511 730 584 

0 0 
0 
1679 365 1752 438 
657 511 730 584 

0 0 
0 
1168 365 1241 438 
730 511 803 584 

0 0 
0 
1752 365 1825 438 
730 511 803 584 

0 0 
0 
803 1679 876 1752 
657 876 730 949 

0 0 
0 
876 1679 949 1752 
584 511 657 584 

0 0 
0 
949 1679 1022 1752 
584 511 657 584 

0 0 
0 
1241 1679 1314 1752 
584 511 657 584 

0 0 
0 
1460 1679 1533 1752 
584 511 657 584 

0 0 
0 
1606 1679 1679 1752 
584 511 657 584 

0 0 
0 
1825 1679 1898 1752 
584 511 657 584 

0 0 
0 
1679 1679 1752 1752 
584 511 657 584 

0 0 
0 
1022 1679 1095 1752 
511 511 584 584 

0 0 
0 
1168 1679 1241 1752 
511 511 584 584 

0 0 
0 
1387 1679 1460 1752 
511 511 584 584 

0 0 
0 
1314 1679 1387 1752 
511 511 584 584 

0 0 
0 
1752 1679 1825 1752 
511 511 584 584 

0 0 
0 
1898 1679 1971 1752 
511 511 584 584 

0 0 
0 
1095 1679 1168 1752 
511 511 584 584 

0 0 
0 
1533 1679 1606 1752 
730 511 803 584 

0 0 
0 
1971 1679 2044 1752 
803 511 876 584 

0 0 
0 
2044 1679 2117 1752 
584 876 657 949 

0 0 
0 
2044 1606 2117 1679 
584 730 657 803 

0 0 
0 
2044 1533 2117 1606 
438 584 511 657 

0 0 
0 
2117 1533 2190 1606 
584 511 657 584 

0 0 
0 
1095 1241 1168 1314 
657 511 730 584 

0 0 
0 
1168 1241 1241 1314 
657 511 730 584 

0 0 
0 
1679 1241 1752 1314 
657 511 730 584 

0 0 
0 
1752 1241 1825 1314 
657 511 730 584 

0 0 
0 
1241 1241 1314 1314 
657 584 730 657 

0 0 
0 
1606 1241 1679 1314 
584 584 657 657 

0 
177 
1 0 
949 1095 1022 1168 

1 0 
1022 1095 1095 1168 

1 0 
949 1168 1022 1241 

1 0 
949 1241 1022 1314 

1 0 
949 1314 1022 1387 

1 0 
949 1387 1022 1460 

1 0 
949 1460 1022 1533 

1 0 
949 1533 1022 1606 

1 0 
1022 1533 1095 1606 

1 0 
1095 1533 1168 1606 

1 0 
1168 1533 1241 1606 

1 0 
1241 1533 1314 1606 

1 0 
1241 1460 1314 1533 

1 0 
1241 1387 1314 1460 

1 0 
1241 1314 1314 1387 

1 0 
1168 1314 1241 1387 

1 0 
1095 1314 1168 1387 

1 0 
1022 1314 1095 1387 

1 0 
1022 1241 1095 1314 

1 0 
1022 1168 1095 1241 

1 0 
1606 1533 1679 1606 

1 0 
1679 1533 1752 1606 

1 0 
1606 1460 1679 1533 

1 0 
1606 1387 1679 1460 

1 0 
1606 1314 1679 1387 

1 0 
1679 1314 1752 1387 

1 0 
1752 1314 1825 1387 

1 0 
1825 1314 1898 1387 

1 0 
1825 1241 1898 1314 

1 0 
1825 1168 1898 1241 

1 0 
1825 1095 1898 1168 

1 0 
1898 1095 1971 1168 

1 0 
1898 1168 1971 1241 

1 0 
1898 1241 1971 1314 

1 0 
1898 1314 1971 1387 

1 0 
1898 1387 1971 1460 

1 0 
1898 1460 1971 1533 

1 0 
1898 1533 1971 1606 

1 0 
1825 1533 1898 1606 

1 0 
1752 1533 1825 1606 

1 0 
1022 876 1095 949 

1 0 
949 876 1022 949 

1 0 
1022 803 1095 876 

1 0 
1022 730 1095 803 

1 0 
1022 657 1095 730 

1 0 
1168 657 1241 730 

1 0 
1241 657 1314 730 

1 0 
949 803 1022 876 

1 0 
949 730 1022 803 

1 0 
949 657 1022 730 

1 0 
1241 584 1314 657 

1 0 
949 584 1022 657 

1 0 
949 511 1022 584 

1 0 
949 438 1022 511 

1 0 
1241 511 1314 584 

1 0 
1241 438 1314 511 

1 0 
1168 438 1241 511 

1 0 
1095 438 1168 511 

1 0 
1022 438 1095 511 

1 0 
1606 657 1679 730 

1 0 
1606 584 1679 657 

1 0 
1606 511 1679 584 

1 0 
1606 438 1679 511 

1 0 
1679 438 1752 511 

1 0 
1752 438 1825 511 

1 0 
1825 438 1898 511 

1 0 
1898 438 1971 511 

1 0 
1898 511 1971 584 

1 0 
1898 584 1971 657 

1 0 
1898 657 1971 730 

1 0 
1825 657 1898 730 

1 0 
1752 657 1825 730 

1 0 
1679 657 1752 730 

1 0 
1825 730 1898 803 

1 0 
1825 803 1898 876 

1 0 
1825 876 1898 949 

1 0 
1898 876 1971 949 

1 0 
1898 803 1971 876 

1 0 
1898 730 1971 803 

1 0 
1095 657 1168 730 

1 0 
657 1168 730 1241 

1 0 
584 1168 657 1241 

1 0 
511 1168 584 1241 

1 0 
438 1168 511 1241 

1 0 
365 1168 438 1241 

1 0 
292 1168 365 1241 

1 0 
1460 219 1533 292 

1 0 
657 1241 730 1314 

1 0 
657 1314 730 1387 

1 0 
657 1387 730 1460 

1 0 
657 1460 730 1533 

1 0 
657 1533 730 1606 

1 0 
657 1606 730 1679 

1 0 
730 1606 803 1679 

1 0 
803 1606 876 1679 

1 0 
803 1679 876 1752 

1 0 
657 365 730 438 

1 0 
657 438 730 511 

1 0 
657 584 730 657 

1 0 
657 657 730 730 

1 0 
730 365 803 438 

1 0 
803 365 876 438 

1 0 
803 292 876 365 

1 0 
803 219 876 292 

1 0 
876 219 949 292 

1 0 
949 219 1022 292 

1 0 
1022 219 1095 292 

1 0 
1095 219 1168 292 

1 0 
1168 219 1241 292 

1 0 
1241 219 1314 292 

1 0 
1314 219 1387 292 

1 0 
1387 219 1460 292 

1 0 
1533 219 1606 292 

1 0 
1606 219 1679 292 

1 0 
1679 219 1752 292 

1 0 
1752 219 1825 292 

1 0 
1825 219 1898 292 

1 0 
1898 219 1971 292 

1 0 
657 511 730 584 

1 0 
657 730 730 803 

1 0 
584 730 657 803 

1 0 
511 730 584 803 

1 0 
438 730 511 803 

1 0 
365 730 438 803 

1 0 
292 730 365 803 

1 0 
219 1168 292 1241 

1 0 
146 1168 219 1241 

1 0 
73 1168 146 1241 

1 0 
0 1168 73 1241 

1 0 
803 1752 876 1825 

1 0 
876 1752 949 1825 

1 0 
949 1752 1022 1825 

1 0 
1022 1752 1095 1825 

1 0 
1095 1752 1168 1825 

1 0 
1168 1752 1241 1825 

1 0 
1241 1752 1314 1825 

1 0 
1314 1752 1387 1825 

1 0 
1387 1752 1460 1825 

1 0 
1533 1752 1606 1825 

1 0 
1460 1752 1533 1825 

1 0 
1606 1752 1679 1825 

1 0 
1679 1752 1752 1825 

1 0 
1752 1752 1825 1825 

1 0 
1825 1752 1898 1825 

1 0 
1898 1752 1971 1825 

1 0 
1971 1752 2044 1825 

1 0 
2044 1752 2117 1825 

1 0 
2044 1679 2117 1752 

1 0 
2044 1606 2117 1679 

1 0 
2117 1606 2190 1679 

1 0 
2190 1606 2263 1679 

1 0 
2190 1533 2263 1606 

1 0 
2190 1460 2263 1533 

1 0 
2190 1387 2263 1460 

1 0 
2190 1314 2263 1387 

1 0 
2190 1241 2263 1314 

1 0 
2190 1168 2263 1241 

1 0 
2190 1095 2263 1168 

1 0 
2190 1022 2263 1095 

1 0 
2190 949 2263 1022 

1 0 
2190 876 2263 949 

1 0 
2190 803 2263 876 

1 0 
2190 730 2263 803 

1 0 
2190 657 2263 730 

1 0 
2190 584 2263 657 

1 0 
2190 511 2263 584 

1 0 
2190 438 2263 511 

1 0 
2190 365 2263 438 

1 0 
2190 292 2263 365 

1 0 
2190 219 2263 292 

1 0 
2117 219 2190 292 

1 0 
2044 219 2117 292 

1 0 
1971 219 2044 292 

1 0 
0 730 73 803 

1 0 
73 730 146 803 

1 0 
146 730 219 803 

1 0 
219 730 292 803 

13 
2 1 
-73 657 0 730 

2 1 
-146 657 -73 730 

2 1 
-219 657 -146 730 

2 1 
-219 730 -146 803 

2 1 
-219 803 -146 876 

2 1 
-219 876 -146 949 

2 1 
-219 949 -146 1022 

2 1 
-219 1022 -146 1095 

2 1 
-219 1095 -146 1168 

2 1 
-219 1168 -146 1241 

2 1 
-219 1241 -146 1314 

2 1 
-146 1241 -73 1314 

2 1 
-73 1241 0 1314 

1 
4 1 
0 584 73 1022 

5 -1 
3139 1314 3212 1387 

