1157 
0 0 
0 
2701 1460 2774 1533 
438 730 511 803 

0 0 
0 
2774 1387 2847 1460 
511 730 584 803 

0 0 
0 
2774 1460 2847 1533 
511 730 584 803 

0 0 
0 
2701 1387 2774 1460 
438 803 511 876 

0 0 
0 
2847 1606 2920 1679 
803 949 876 1022 

0 0 
0 
2774 1606 2847 1679 
657 949 730 1022 

0 0 
0 
2701 1606 2774 1679 
584 1022 657 1095 

0 0 
0 
2701 1533 2774 1606 
584 730 657 803 

0 0 
0 
2993 1606 3066 1679 
803 1022 876 1095 

0 0 
0 
2920 1606 2993 1679 
511 1022 584 1095 

0 0 
0 
2774 1825 2847 1898 
438 73 511 146 

0 0 
0 
2847 1825 2920 1898 
146 584 219 657 

0 0 
0 
2920 1825 2993 1898 
146 584 219 657 

0 0 
0 
2993 1825 3066 1898 
146 584 219 657 

0 0 
0 
2847 1752 2920 1825 
657 438 730 511 

0 0 
0 
2993 1752 3066 1825 
657 438 730 511 

0 0 
0 
2701 1679 2774 1752 
730 292 803 365 

0 0 
0 
2701 1752 2774 1825 
730 292 803 365 

0 0 
0 
2774 1679 2847 1752 
730 292 803 365 

0 0 
0 
2920 1752 2993 1825 
730 292 803 365 

0 0 
0 
2993 1679 3066 1752 
730 292 803 365 

0 0 
0 
2920 1679 2993 1752 
803 219 876 292 

0 0 
0 
2847 1679 2920 1752 
803 219 876 292 

0 0 
0 
3358 1825 3431 1898 
876 73 949 146 

0 0 
0 
3577 1825 3650 1898 
876 73 949 146 

0 0 
0 
3358 1752 3431 1825 
584 365 657 438 

0 0 
0 
3431 1679 3504 1752 
584 365 657 438 

0 0 
0 
3577 1679 3650 1752 
584 365 657 438 

0 0 
0 
3650 1752 3723 1825 
584 365 657 438 

0 0 
0 
3431 1752 3504 1825 
511 438 584 511 

0 0 
0 
3577 1752 3650 1825 
511 438 584 511 

0 0 
0 
3504 1679 3577 1752 
511 438 584 511 

0 0 
0 
3504 1752 3577 1825 
803 292 876 365 

0 0 
0 
3358 1679 3431 1752 
803 292 876 365 

0 0 
0 
3650 1679 3723 1752 
803 292 876 365 

0 0 
0 
3431 1606 3504 1679 
730 803 803 876 

0 0 
0 
3577 1606 3650 1679 
730 803 803 876 

0 0 
0 
3504 1606 3577 1679 
511 949 584 1022 

0 0 
0 
3650 1606 3723 1679 
803 1022 876 1095 

0 0 
0 
3358 1606 3431 1679 
584 1022 657 1095 

0 0 
0 
3650 1533 3723 1606 
803 730 876 803 

0 0 
0 
3650 1460 3723 1533 
803 730 876 803 

0 0 
0 
3650 1387 3723 1460 
803 657 876 730 

0 0 
0 
3577 1387 3650 1460 
584 730 657 803 

0 0 
0 
3577 1460 3650 1533 
438 803 511 876 

0 0 
0 
2701 1095 2774 1168 
657 219 730 292 

0 0 
0 
2701 1022 2774 1095 
657 365 730 438 

0 0 
0 
2774 1022 2847 1095 
657 365 730 438 

0 0 
0 
2774 1095 2847 1168 
803 292 876 365 

0 0 
0 
2701 949 2774 1022 
584 1022 657 1095 

0 0 
0 
2774 949 2847 1022 
803 1022 876 1095 

0 0 
0 
2847 949 2920 1022 
146 584 219 657 

0 0 
0 
2920 949 2993 1022 
146 584 219 657 

0 0 
0 
2993 949 3066 1022 
146 584 219 657 

0 0 
0 
3504 1825 3577 1898 
146 584 219 657 

0 0 
0 
3431 1825 3504 1898 
146 584 219 657 

0 0 
0 
3650 1825 3723 1898 
146 584 219 657 

0 0 
0 
2993 876 3066 949 
657 438 730 511 

0 0 
0 
2993 803 3066 876 
657 438 730 511 

0 0 
0 
2847 876 2920 949 
657 438 730 511 

0 0 
0 
2920 803 2993 876 
657 438 730 511 

0 0 
0 
2920 876 2993 949 
657 292 730 365 

0 0 
0 
2993 730 3066 803 
803 1022 876 1095 

0 0 
0 
2774 876 2847 949 
803 657 876 730 

0 0 
0 
2774 803 2847 876 
803 657 876 730 

0 0 
0 
2847 730 2920 803 
803 365 876 438 

0 0 
0 
2774 730 2847 803 
511 657 584 730 

0 0 
0 
2920 730 2993 803 
803 584 876 657 

0 0 
0 
2847 803 2920 876 
803 438 876 511 

0 0 
0 
2701 876 2774 949 
438 730 511 803 

0 0 
0 
2701 803 2774 876 
438 730 511 803 

0 0 
0 
2701 730 2774 803 
438 730 511 803 

0 0 
0 
3577 1095 3650 1168 
584 365 657 438 

0 0 
0 
3577 1022 3650 1095 
584 365 657 438 

0 0 
0 
3650 1022 3723 1095 
584 365 657 438 

0 0 
0 
3650 1095 3723 1168 
584 365 657 438 

0 0 
0 
3650 949 3723 1022 
803 1022 876 1095 

0 0 
0 
3577 949 3650 1022 
584 1022 657 1095 

0 0 
0 
3650 876 3723 949 
657 730 730 803 

0 0 
0 
3650 803 3723 876 
657 730 730 803 

0 0 
0 
3650 730 3723 803 
657 730 730 803 

0 0 
0 
3577 876 3650 949 
730 730 803 803 

0 0 
0 
3577 803 3650 876 
730 730 803 803 

0 0 
0 
3577 730 3650 803 
438 657 511 730 

0 0 
0 
3504 949 3577 1022 
803 73 876 146 

0 0 
0 
3358 949 3431 1022 
803 73 876 146 

0 0 
0 
3431 949 3504 1022 
219 438 292 511 

0 0 
0 
3358 876 3431 949 
438 438 511 511 

0 0 
0 
3358 803 3431 876 
438 438 511 511 

0 0 
0 
3504 876 3577 949 
438 438 511 511 

0 0 
0 
3431 876 3504 949 
438 438 511 511 

0 0 
0 
3431 730 3504 803 
730 876 803 949 

0 0 
0 
3504 730 3577 803 
730 365 803 438 

0 0 
0 
3431 803 3504 876 
730 292 803 365 

0 0 
0 
3358 730 3431 803 
730 1022 803 1095 

0 0 
0 
2920 1022 2993 1095 
438 146 511 219 

0 0 
0 
2993 1022 3066 1095 
438 146 511 219 

0 0 
0 
3358 1022 3431 1095 
438 146 511 219 

0 0 
0 
3431 1022 3504 1095 
438 146 511 219 

0 0 
0 
2701 1898 2774 1971 
438 146 511 219 

0 0 
0 
2774 1898 2847 1971 
438 146 511 219 

0 0 
0 
2847 1898 2920 1971 
438 146 511 219 

0 0 
0 
2920 1898 2993 1971 
438 146 511 219 

0 0 
0 
2993 1898 3066 1971 
438 146 511 219 

0 0 
0 
3358 1898 3431 1971 
438 146 511 219 

0 0 
0 
3431 1898 3504 1971 
438 146 511 219 

0 0 
0 
3504 1898 3577 1971 
438 146 511 219 

0 0 
0 
3577 1898 3650 1971 
438 146 511 219 

0 0 
0 
3650 1898 3723 1971 
438 146 511 219 

0 0 
0 
2993 1168 3066 1241 
0 292 73 365 

0 0 
0 
3212 1314 3285 1387 
0 292 73 365 

0 0 
0 
3431 1533 3504 1606 
365 219 438 292 

0 0 
0 
2920 1168 2993 1241 
73 146 146 219 

0 0 
0 
2920 1095 2993 1168 
73 146 146 219 

0 0 
0 
3358 1314 3431 1387 
73 146 146 219 

0 0 
0 
3212 1460 3285 1533 
73 146 146 219 

0 0 
0 
3212 1533 3285 1606 
73 146 146 219 

0 0 
0 
3285 1460 3358 1533 
73 146 146 219 

0 0 
0 
3285 1533 3358 1606 
73 146 146 219 

0 0 
0 
3431 1314 3504 1387 
73 146 146 219 

0 0 
0 
3431 1241 3504 1314 
73 146 146 219 

0 0 
0 
3358 1241 3431 1314 
73 146 146 219 

0 0 
0 
2847 1095 2920 1168 
146 292 219 365 

0 0 
0 
2847 1168 2920 1241 
146 292 219 365 

0 0 
0 
2847 1022 2920 1095 
146 292 219 365 

0 0 
0 
2701 1168 2774 1241 
146 438 219 511 

0 0 
0 
2774 1168 2847 1241 
219 584 292 657 

0 0 
0 
2701 1241 2774 1314 
146 657 219 730 

0 0 
0 
2774 1241 2847 1314 
146 657 219 730 

0 0 
0 
2701 1314 2774 1387 
146 146 219 219 

0 0 
0 
2774 1314 2847 1387 
146 146 219 219 

0 0 
0 
2847 1241 2920 1314 
146 146 219 219 

0 0 
0 
2920 1241 2993 1314 
146 146 219 219 

0 0 
0 
3139 1095 3212 1168 
146 146 219 219 

0 0 
0 
3139 1168 3212 1241 
146 146 219 219 

0 0 
0 
3285 1168 3358 1241 
146 146 219 219 

0 0 
0 
3358 1168 3431 1241 
146 146 219 219 

0 0 
0 
3285 1095 3358 1168 
365 73 438 146 

0 0 
0 
3212 1168 3285 1241 
365 73 438 146 

0 0 
0 
3212 1095 3285 1168 
365 73 438 146 

0 0 
0 
3285 1241 3358 1314 
365 73 438 146 

0 0 
0 
3212 1241 3285 1314 
365 73 438 146 

0 0 
0 
3139 1241 3212 1314 
365 73 438 146 

0 0 
0 
3139 1314 3212 1387 
365 73 438 146 

0 0 
0 
3139 1387 3212 1460 
365 73 438 146 

0 0 
0 
3212 1387 3285 1460 
365 73 438 146 

0 0 
0 
3285 1387 3358 1460 
365 73 438 146 

0 0 
0 
3285 1314 3358 1387 
365 73 438 146 

0 0 
0 
3066 1314 3139 1387 
365 73 438 146 

0 0 
0 
2993 1314 3066 1387 
365 73 438 146 

0 0 
0 
2993 1241 3066 1314 
365 73 438 146 

0 0 
0 
3066 1241 3139 1314 
365 73 438 146 

0 0 
0 
2993 1387 3066 1460 
365 73 438 146 

0 0 
0 
2993 1460 3066 1533 
365 73 438 146 

0 0 
0 
3139 1460 3212 1533 
365 146 438 219 

0 0 
0 
3066 1460 3139 1533 
365 146 438 219 

0 0 
0 
3066 1533 3139 1606 
365 146 438 219 

0 0 
0 
3139 1533 3212 1606 
365 146 438 219 

0 0 
0 
2847 1387 2920 1460 
365 146 438 219 

0 0 
0 
2847 1460 2920 1533 
365 146 438 219 

0 0 
0 
2847 1314 2920 1387 
365 219 438 292 

0 0 
0 
2920 1460 2993 1533 
219 73 292 146 

0 0 
0 
2920 1387 2993 1460 
219 73 292 146 

0 0 
0 
3066 1168 3139 1241 
219 73 292 146 

0 0 
0 
3066 1095 3139 1168 
219 73 292 146 

0 0 
0 
2993 1095 3066 1168 
219 73 292 146 

0 0 
0 
3066 1022 3139 1095 
219 73 292 146 

0 0 
0 
3139 1022 3212 1095 
219 73 292 146 

0 0 
0 
3139 949 3212 1022 
219 73 292 146 

0 0 
0 
3139 876 3212 949 
219 73 292 146 

0 0 
0 
3139 803 3212 876 
219 73 292 146 

0 0 
0 
3212 803 3285 876 
219 73 292 146 

0 0 
0 
3212 876 3285 949 
219 73 292 146 

0 0 
0 
3212 949 3285 1022 
219 73 292 146 

0 0 
0 
3212 1022 3285 1095 
219 73 292 146 

0 0 
0 
3285 1022 3358 1095 
219 73 292 146 

0 0 
0 
3358 1095 3431 1168 
219 146 292 219 

0 0 
0 
3431 1095 3504 1168 
219 146 292 219 

0 0 
0 
3431 1168 3504 1241 
219 146 292 219 

0 0 
0 
3066 1387 3139 1460 
219 146 292 219 

0 0 
0 
3431 1460 3504 1533 
219 146 292 219 

0 0 
0 
3504 1533 3577 1606 
219 146 292 219 

0 0 
0 
3358 1533 3431 1606 
219 146 292 219 

0 0 
0 
3358 1460 3431 1533 
365 146 438 219 

0 0 
0 
3358 1387 3431 1460 
365 146 438 219 

0 0 
0 
3431 1387 3504 1460 
365 146 438 219 

0 0 
0 
3504 1387 3577 1460 
365 146 438 219 

0 0 
0 
3504 1460 3577 1533 
365 146 438 219 

0 0 
0 
3504 1314 3577 1387 
365 146 438 219 

0 0 
0 
3504 1241 3577 1314 
365 146 438 219 

0 0 
0 
3650 1314 3723 1387 
365 146 438 219 

0 0 
0 
3577 1314 3650 1387 
365 146 438 219 

0 0 
0 
3504 1022 3577 1095 
219 292 292 365 

0 0 
0 
3504 1095 3577 1168 
219 292 292 365 

0 0 
0 
3504 1168 3577 1241 
219 292 292 365 

0 0 
0 
3577 1168 3650 1241 
292 438 365 511 

0 0 
0 
3650 1168 3723 1241 
365 584 438 657 

0 0 
0 
3577 1241 3650 1314 
292 657 365 730 

0 0 
0 
3650 1241 3723 1314 
365 657 438 730 

0 0 
0 
3139 730 3212 803 
219 219 292 292 

0 0 
0 
3212 730 3285 803 
219 219 292 292 

0 0 
0 
2701 657 2774 730 
73 219 146 292 

0 0 
0 
2774 657 2847 730 
73 219 146 292 

0 0 
0 
2993 657 3066 730 
73 219 146 292 

0 0 
0 
3066 657 3139 730 
73 219 146 292 

0 0 
0 
3212 657 3285 730 
73 219 146 292 

0 0 
0 
3358 657 3431 730 
73 219 146 292 

0 0 
0 
3431 657 3504 730 
73 219 146 292 

0 0 
0 
3577 657 3650 730 
73 219 146 292 

0 0 
0 
3650 657 3723 730 
73 219 146 292 

0 0 
0 
2628 803 2701 876 
219 365 292 438 

0 0 
0 
2628 876 2701 949 
219 365 292 438 

0 0 
0 
2628 949 2701 1022 
219 365 292 438 

0 0 
0 
2628 1022 2701 1095 
219 365 292 438 

0 0 
0 
2628 1168 2701 1241 
219 365 292 438 

0 0 
0 
2628 1898 2701 1971 
219 146 292 219 

0 0 
0 
2628 657 2701 730 
146 292 219 365 

0 0 
0 
2628 1241 2701 1314 
219 219 292 292 

0 0 
0 
2628 1314 2701 1387 
219 219 292 292 

0 0 
0 
3139 1606 3212 1679 
219 219 292 292 

0 0 
0 
2628 584 2701 657 
0 511 73 584 

0 0 
0 
2701 584 2774 657 
146 657 219 730 

0 0 
0 
2774 584 2847 657 
146 657 219 730 

0 0 
0 
2847 584 2920 657 
146 657 219 730 

0 0 
0 
2920 584 2993 657 
146 657 219 730 

0 0 
0 
2993 584 3066 657 
146 657 219 730 

0 0 
0 
3066 584 3139 657 
146 657 219 730 

0 0 
0 
3139 584 3212 657 
146 657 219 730 

0 0 
0 
3212 584 3285 657 
146 657 219 730 

0 0 
0 
3285 584 3358 657 
146 657 219 730 

0 0 
0 
3358 584 3431 657 
146 657 219 730 

0 0 
0 
2847 657 2920 730 
219 146 292 219 

0 0 
0 
2920 657 2993 730 
219 146 292 219 

0 0 
0 
3139 657 3212 730 
219 146 292 219 

0 0 
0 
3285 657 3358 730 
219 146 292 219 

0 0 
0 
3431 584 3504 657 
292 511 365 584 

0 0 
0 
3504 584 3577 657 
292 511 365 584 

0 0 
0 
3577 584 3650 657 
292 511 365 584 

0 0 
0 
3650 584 3723 657 
292 511 365 584 

0 0 
0 
3504 657 3577 730 
219 219 292 292 

0 0 
0 
2628 1095 2701 1168 
73 365 146 438 

0 0 
0 
2628 730 2701 803 
73 365 146 438 

0 0 
0 
2628 511 2701 584 
0 438 73 511 

0 0 
0 
2847 511 2920 584 
0 438 73 511 

0 0 
0 
2920 511 2993 584 
0 438 73 511 

0 0 
0 
3139 511 3212 584 
0 438 73 511 

0 0 
0 
3285 511 3358 584 
0 438 73 511 

0 0 
0 
3431 511 3504 584 
0 438 73 511 

0 0 
0 
3504 511 3577 584 
0 438 73 511 

0 0 
0 
3650 511 3723 584 
0 438 73 511 

0 0 
0 
2701 511 2774 584 
219 584 292 657 

0 0 
0 
2774 511 2847 584 
219 584 292 657 

0 0 
0 
2993 511 3066 584 
219 584 292 657 

0 0 
0 
3066 511 3139 584 
219 584 292 657 

0 0 
0 
3212 511 3285 584 
219 584 292 657 

0 0 
0 
3358 511 3431 584 
219 584 292 657 

0 0 
0 
3577 511 3650 584 
219 584 292 657 

0 0 
0 
2555 730 2628 803 
438 146 511 219 

0 0 
0 
2482 730 2555 803 
438 146 511 219 

0 0 
0 
2555 657 2628 730 
657 73 730 146 

0 0 
0 
2482 657 2555 730 
657 73 730 146 

0 0 
0 
2920 1314 2993 1387 
219 146 292 219 

0 0 
0 
2555 1679 2628 1752 
219 146 292 219 

0 0 
0 
2555 1168 2628 1241 
73 73 146 146 

0 0 
0 
2555 1241 2628 1314 
73 73 146 146 

0 0 
0 
2555 1314 2628 1387 
73 73 146 146 

0 0 
0 
2555 1387 2628 1460 
73 73 146 146 

0 0 
0 
2555 1460 2628 1533 
73 73 146 146 

0 0 
0 
2555 1533 2628 1606 
73 73 146 146 

0 0 
0 
2555 1606 2628 1679 
219 146 292 219 

0 0 
0 
2482 1606 2555 1679 
219 146 292 219 

0 0 
0 
2482 1533 2555 1606 
219 146 292 219 

0 0 
0 
2555 1095 2628 1168 
219 219 292 292 

0 0 
0 
2482 1095 2555 1168 
219 219 292 292 

0 0 
0 
2482 1168 2555 1241 
219 219 292 292 

0 0 
0 
2482 1241 2555 1314 
219 219 292 292 

0 0 
0 
2482 1314 2555 1387 
219 219 292 292 

0 0 
0 
2482 1387 2555 1460 
219 219 292 292 

0 0 
0 
2482 1460 2555 1533 
219 219 292 292 

0 0 
0 
2482 1679 2555 1752 
219 219 292 292 

0 0 
0 
2482 1752 2555 1825 
219 219 292 292 

0 0 
0 
2555 1752 2628 1825 
219 219 292 292 

0 0 
0 
2555 1825 2628 1898 
219 219 292 292 

0 0 
0 
2482 1825 2555 1898 
219 219 292 292 

0 0 
0 
2774 1752 2847 1825 
730 292 803 365 

0 0 
0 
2701 1825 2774 1898 
730 73 803 146 

0 0 
0 
2847 1533 2920 1606 
219 146 292 219 

0 0 
0 
2920 1533 2993 1606 
219 146 292 219 

0 0 
0 
3212 1606 3285 1679 
219 146 292 219 

0 0 
0 
3212 1679 3285 1752 
219 146 292 219 

0 0 
0 
3139 1679 3212 1752 
219 146 292 219 

0 0 
0 
3139 1752 3212 1825 
219 146 292 219 

0 0 
0 
3212 1752 3285 1825 
219 146 292 219 

0 0 
0 
3139 1825 3212 1898 
219 146 292 219 

0 0 
0 
3066 1898 3139 1971 
219 146 292 219 

0 0 
0 
3139 1898 3212 1971 
219 146 292 219 

0 0 
0 
3212 1898 3285 1971 
219 146 292 219 

0 0 
0 
3212 1825 3285 1898 
219 146 292 219 

0 0 
0 
3285 1898 3358 1971 
219 146 292 219 

0 0 
0 
3066 1825 3139 1898 
146 365 219 438 

0 0 
0 
3066 1752 3139 1825 
146 365 219 438 

0 0 
0 
3066 1679 3139 1752 
146 365 219 438 

0 0 
0 
3066 1606 3139 1679 
146 365 219 438 

0 0 
0 
3285 1606 3358 1679 
219 365 292 438 

0 0 
0 
3285 1679 3358 1752 
219 365 292 438 

0 0 
0 
3285 1752 3358 1825 
219 365 292 438 

0 0 
0 
3285 1825 3358 1898 
219 365 292 438 

0 0 
0 
2555 803 2628 876 
219 219 292 292 

0 0 
0 
2555 876 2628 949 
219 219 292 292 

0 0 
0 
2482 803 2555 876 
219 219 292 292 

0 0 
0 
2482 876 2555 949 
219 219 292 292 

0 0 
0 
2482 949 2555 1022 
219 219 292 292 

0 0 
0 
2555 949 2628 1022 
219 219 292 292 

0 0 
0 
2555 1022 2628 1095 
219 219 292 292 

0 0 
0 
2482 1022 2555 1095 
219 219 292 292 

0 0 
0 
2482 511 2555 584 
584 365 657 438 

0 0 
0 
2555 511 2628 584 
657 438 730 511 

0 0 
0 
2555 584 2628 657 
657 438 730 511 

0 0 
0 
2482 584 2555 657 
511 438 584 511 

0 0 
0 
2409 1022 2482 1095 
365 438 438 511 

0 0 
0 
2336 1022 2409 1095 
365 438 438 511 

0 0 
0 
2263 1022 2336 1095 
365 438 438 511 

0 0 
0 
2190 1022 2263 1095 
365 438 438 511 

0 0 
0 
2117 1022 2190 1095 
365 438 438 511 

0 0 
0 
2044 1022 2117 1095 
365 438 438 511 

0 0 
0 
2409 1095 2482 1168 
438 146 511 219 

0 0 
0 
2336 1095 2409 1168 
438 146 511 219 

0 0 
0 
2263 1095 2336 1168 
438 146 511 219 

0 0 
0 
2190 1095 2263 1168 
438 146 511 219 

0 0 
0 
2117 1095 2190 1168 
438 146 511 219 

0 0 
0 
2044 1095 2117 1168 
438 146 511 219 

0 0 
0 
2336 1168 2409 1241 
219 73 292 146 

0 0 
0 
2263 1168 2336 1241 
219 73 292 146 

0 0 
0 
2190 1168 2263 1241 
219 73 292 146 

0 0 
0 
2409 1241 2482 1314 
219 73 292 146 

0 0 
0 
2263 1241 2336 1314 
219 73 292 146 

0 0 
0 
2190 1241 2263 1314 
219 73 292 146 

0 0 
0 
2044 1241 2117 1314 
219 73 292 146 

0 0 
0 
2409 1460 2482 1533 
511 730 584 803 

0 0 
0 
2409 1533 2482 1606 
511 730 584 803 

0 0 
0 
2409 1679 2482 1752 
511 730 584 803 

0 0 
0 
2409 1752 2482 1825 
511 803 584 876 

0 0 
0 
2409 1606 2482 1679 
511 803 584 876 

0 0 
0 
2409 1825 2482 1898 
657 876 730 949 

0 0 
0 
2409 803 2482 876 
657 1022 730 1095 

0 0 
0 
2409 730 2482 803 
511 730 584 803 

0 0 
0 
2409 657 2482 730 
511 730 584 803 

0 0 
0 
2409 584 2482 657 
511 730 584 803 

0 0 
0 
2409 511 2482 584 
511 730 584 803 

0 0 
0 
2482 438 2555 511 
511 1022 584 1095 

0 0 
0 
2409 438 2482 511 
511 657 584 730 

0 0 
0 
2409 949 2482 1022 
876 0 949 73 

0 0 
0 
2336 876 2409 949 
876 0 949 73 

0 0 
0 
2263 876 2336 949 
876 0 949 73 

0 0 
0 
2117 876 2190 949 
876 0 949 73 

0 0 
0 
2117 949 2190 1022 
876 0 949 73 

0 0 
0 
2044 949 2117 1022 
876 0 949 73 

0 0 
0 
2409 876 2482 949 
730 0 803 73 

0 0 
0 
2336 949 2409 1022 
730 0 803 73 

0 0 
0 
2263 949 2336 1022 
730 0 803 73 

0 0 
0 
2190 949 2263 1022 
730 0 803 73 

0 0 
0 
2190 876 2263 949 
730 0 803 73 

0 0 
0 
2044 876 2117 949 
730 0 803 73 

0 0 
0 
2336 803 2409 876 
584 949 657 1022 

0 0 
0 
2263 803 2336 876 
584 949 657 1022 

0 0 
0 
2117 803 2190 876 
584 949 657 1022 

0 0 
0 
2190 803 2263 876 
511 1022 584 1095 

0 0 
0 
2044 803 2117 876 
511 1022 584 1095 

0 0 
0 
2409 1387 2482 1460 
146 146 219 219 

0 0 
0 
2409 1314 2482 1387 
146 146 219 219 

0 0 
0 
2190 1387 2263 1460 
146 146 219 219 

0 0 
0 
2190 1314 2263 1387 
146 146 219 219 

0 0 
0 
2117 1387 2190 1460 
146 146 219 219 

0 0 
0 
2044 1387 2117 1460 
146 146 219 219 

0 0 
0 
2263 1387 2336 1460 
146 146 219 219 

0 0 
0 
2336 1314 2409 1387 
146 146 219 219 

0 0 
0 
2044 1314 2117 1387 
73 219 146 292 

0 0 
0 
2117 1314 2190 1387 
73 219 146 292 

0 0 
0 
2117 1241 2190 1314 
73 219 146 292 

0 0 
0 
2263 1314 2336 1387 
73 219 146 292 

0 0 
0 
2117 1168 2190 1241 
73 219 146 292 

0 0 
0 
2409 1168 2482 1241 
73 219 146 292 

0 0 
0 
2336 1387 2409 1460 
73 219 146 292 

0 0 
0 
2044 1168 2117 1241 
365 219 438 292 

0 0 
0 
2336 1241 2409 1314 
73 73 146 146 

0 0 
0 
3504 803 3577 876 
730 219 803 292 

0 0 
0 
2628 438 2701 511 
876 0 949 73 

0 0 
0 
2847 438 2920 511 
876 0 949 73 

0 0 
0 
3139 438 3212 511 
876 0 949 73 

0 0 
0 
2920 438 2993 511 
876 0 949 73 

0 0 
0 
3504 438 3577 511 
876 0 949 73 

0 0 
0 
3650 438 3723 511 
876 0 949 73 

0 0 
0 
2701 438 2774 511 
511 219 584 292 

0 0 
0 
2774 438 2847 511 
511 219 584 292 

0 0 
0 
2993 438 3066 511 
511 219 584 292 

0 0 
0 
3066 438 3139 511 
511 219 584 292 

0 0 
0 
3285 438 3358 511 
803 219 876 292 

0 0 
0 
3431 438 3504 511 
803 219 876 292 

0 0 
0 
2628 365 2701 438 
803 219 876 292 

0 0 
0 
2701 365 2774 438 
803 219 876 292 

0 0 
0 
2993 365 3066 438 
803 219 876 292 

0 0 
0 
3212 365 3285 438 
803 219 876 292 

0 0 
0 
3504 365 3577 438 
803 219 876 292 

0 0 
0 
3650 365 3723 438 
803 219 876 292 

0 0 
0 
3358 365 3431 438 
803 219 876 292 

0 0 
0 
2774 365 2847 438 
584 219 657 292 

0 0 
0 
3066 365 3139 438 
584 219 657 292 

0 0 
0 
3285 365 3358 438 
584 219 657 292 

0 0 
0 
3431 365 3504 438 
584 219 657 292 

0 0 
0 
3577 365 3650 438 
584 219 657 292 

0 0 
0 
2920 365 2993 438 
584 438 657 511 

0 0 
0 
2847 365 2920 438 
584 438 657 511 

0 0 
0 
3139 365 3212 438 
584 438 657 511 

0 0 
0 
2628 292 2701 365 
511 949 584 1022 

0 0 
0 
2774 292 2847 365 
511 949 584 1022 

0 0 
0 
2920 292 2993 365 
511 949 584 1022 

0 0 
0 
3139 292 3212 365 
511 949 584 1022 

0 0 
0 
3285 292 3358 365 
511 949 584 1022 

0 0 
0 
3504 292 3577 365 
511 949 584 1022 

0 0 
0 
3650 292 3723 365 
511 949 584 1022 

0 0 
0 
2701 292 2774 365 
438 949 511 1022 

0 0 
0 
2847 292 2920 365 
438 949 511 1022 

0 0 
0 
2993 292 3066 365 
438 949 511 1022 

0 0 
0 
3066 292 3139 365 
438 949 511 1022 

0 0 
0 
3212 292 3285 365 
438 949 511 1022 

0 0 
0 
3358 292 3431 365 
438 949 511 1022 

0 0 
0 
3431 292 3504 365 
438 949 511 1022 

0 0 
0 
3577 292 3650 365 
438 949 511 1022 

0 0 
0 
2555 438 2628 511 
657 1022 730 1095 

0 0 
0 
2555 365 2628 438 
511 730 584 803 

0 0 
0 
2555 292 2628 365 
511 657 584 730 

0 0 
0 
1971 1022 2044 1095 
949 73 1022 146 

0 0 
0 
1898 1022 1971 1095 
949 73 1022 146 

0 0 
0 
1825 1022 1898 1095 
949 73 1022 146 

0 0 
0 
1752 1022 1825 1095 
584 73 657 146 

0 0 
0 
1971 1095 2044 1168 
803 146 876 219 

0 0 
0 
1898 1095 1971 1168 
803 146 876 219 

0 0 
0 
1825 1095 1898 1168 
803 146 876 219 

0 0 
0 
1752 1095 1825 1168 
803 146 876 219 

0 0 
0 
1898 876 1971 949 
511 292 584 365 

0 0 
0 
1971 876 2044 949 
511 292 584 365 

0 0 
0 
1825 876 1898 949 
511 292 584 365 

0 0 
0 
1752 876 1825 949 
511 292 584 365 

0 0 
0 
1752 949 1825 1022 
584 365 657 438 

0 0 
0 
1825 949 1898 1022 
584 365 657 438 

0 0 
0 
1971 949 2044 1022 
584 365 657 438 

0 0 
0 
1898 949 1971 1022 
584 365 657 438 

0 0 
0 
1971 803 2044 876 
438 1022 511 1095 

0 0 
0 
1825 803 1898 876 
438 1022 511 1095 

0 0 
0 
1898 803 1971 876 
803 949 876 1022 

0 0 
0 
1971 1168 2044 1241 
146 219 219 292 

0 0 
0 
1825 1168 1898 1241 
146 219 219 292 

0 0 
0 
1752 1168 1825 1241 
146 219 219 292 

0 0 
0 
1898 1168 1971 1241 
146 219 219 292 

0 0 
0 
1825 1241 1898 1314 
146 219 219 292 

0 0 
0 
1752 1241 1825 1314 
146 219 219 292 

0 0 
0 
1825 1314 1898 1387 
146 219 219 292 

0 0 
0 
1898 1314 1971 1387 
146 219 219 292 

0 0 
0 
1898 1241 1971 1314 
146 219 219 292 

0 0 
0 
1971 1241 2044 1314 
146 219 219 292 

0 0 
0 
1971 1314 2044 1387 
146 219 219 292 

0 0 
0 
1971 1387 2044 1460 
146 219 219 292 

0 0 
0 
1898 1387 1971 1460 
146 219 219 292 

0 0 
0 
1825 1387 1898 1460 
146 219 219 292 

0 0 
0 
1752 1314 1825 1387 
146 219 219 292 

0 0 
0 
2628 1971 2701 2044 
73 0 146 73 

0 0 
0 
2701 1971 2774 2044 
73 0 146 73 

0 0 
0 
2774 1971 2847 2044 
73 0 146 73 

0 0 
0 
2847 1971 2920 2044 
73 0 146 73 

0 0 
0 
2920 1971 2993 2044 
73 0 146 73 

0 0 
0 
2993 1971 3066 2044 
73 0 146 73 

0 0 
0 
3139 1971 3212 2044 
73 0 146 73 

0 0 
0 
3066 1971 3139 2044 
73 0 146 73 

0 0 
0 
3212 1971 3285 2044 
73 0 146 73 

0 0 
0 
3285 1971 3358 2044 
73 0 146 73 

0 0 
0 
3358 1971 3431 2044 
73 0 146 73 

0 0 
0 
3431 1971 3504 2044 
73 0 146 73 

0 0 
0 
3504 1971 3577 2044 
73 0 146 73 

0 0 
0 
3577 1971 3650 2044 
73 0 146 73 

0 0 
0 
3650 1971 3723 2044 
73 0 146 73 

0 0 
0 
3723 1387 3796 1460 
146 292 219 365 

0 0 
0 
3723 1460 3796 1533 
146 292 219 365 

0 0 
0 
3723 1533 3796 1606 
146 292 219 365 

0 0 
0 
3723 1679 3796 1752 
146 292 219 365 

0 0 
0 
3723 1825 3796 1898 
146 292 219 365 

0 0 
0 
3723 1606 3796 1679 
146 292 219 365 

0 0 
0 
3723 1752 3796 1825 
146 292 219 365 

0 0 
0 
2628 1387 2701 1460 
365 365 438 438 

0 0 
0 
2628 1460 2701 1533 
365 365 438 438 

0 0 
0 
2628 1533 2701 1606 
365 365 438 438 

0 0 
0 
2628 1606 2701 1679 
365 365 438 438 

0 0 
0 
2628 1679 2701 1752 
365 365 438 438 

0 0 
0 
2628 1752 2701 1825 
365 365 438 438 

0 0 
0 
2628 1825 2701 1898 
365 365 438 438 

0 0 
0 
3285 730 3358 803 
365 365 438 438 

0 0 
0 
3285 803 3358 876 
365 365 438 438 

0 0 
0 
3285 876 3358 949 
365 365 438 438 

0 0 
0 
3285 949 3358 1022 
365 365 438 438 

0 0 
0 
3066 730 3139 803 
292 365 365 438 

0 0 
0 
3066 803 3139 876 
292 365 365 438 

0 0 
0 
3066 876 3139 949 
292 365 365 438 

0 0 
0 
3066 949 3139 1022 
292 365 365 438 

0 0 
0 
3723 1314 3796 1387 
292 365 365 438 

0 0 
0 
3723 1898 3796 1971 
219 146 292 219 

0 0 
0 
3723 1971 3796 2044 
219 146 292 219 

0 0 
0 
3796 1825 3869 1898 
219 146 292 219 

0 0 
0 
3869 1825 3942 1898 
219 146 292 219 

0 0 
0 
3796 1752 3869 1825 
219 146 292 219 

0 0 
0 
3796 1679 3869 1752 
219 146 292 219 

0 0 
0 
3869 1679 3942 1752 
219 146 292 219 

0 0 
0 
3869 1606 3942 1679 
219 146 292 219 

0 0 
0 
3796 1533 3869 1606 
219 146 292 219 

0 0 
0 
3869 1533 3942 1606 
219 146 292 219 

0 0 
0 
3869 1460 3942 1533 
219 146 292 219 

0 0 
0 
3796 1387 3869 1460 
219 146 292 219 

0 0 
0 
3869 1314 3942 1387 
219 146 292 219 

0 0 
0 
3796 1314 3869 1387 
219 146 292 219 

0 0 
0 
3796 1460 3869 1533 
0 219 73 292 

0 0 
0 
3869 1387 3942 1460 
0 219 73 292 

0 0 
0 
3796 1606 3869 1679 
0 219 73 292 

0 0 
0 
3869 1752 3942 1825 
0 219 73 292 

0 0 
0 
3942 1752 4015 1825 
438 803 511 876 

0 0 
0 
3942 1679 4015 1752 
438 803 511 876 

0 0 
0 
3942 1533 4015 1606 
438 803 511 876 

0 0 
0 
3942 1387 4015 1460 
438 803 511 876 

0 0 
0 
3942 1314 4015 1387 
438 803 511 876 

0 0 
0 
3942 1825 4015 1898 
584 876 657 949 

0 0 
0 
3942 1460 4015 1533 
438 730 511 803 

0 0 
0 
3942 1606 4015 1679 
438 730 511 803 

0 0 
0 
3723 1241 3796 1314 
219 219 292 292 

0 0 
0 
3796 1241 3869 1314 
219 219 292 292 

0 0 
0 
3869 1241 3942 1314 
219 219 292 292 

0 0 
0 
3869 1022 3942 1095 
219 219 292 292 

0 0 
0 
3796 1022 3869 1095 
219 219 292 292 

0 0 
0 
3723 1022 3796 1095 
219 219 292 292 

0 0 
0 
3723 1095 3796 1168 
219 219 292 292 

0 0 
0 
3723 1168 3796 1241 
219 219 292 292 

0 0 
0 
3796 1168 3869 1241 
219 219 292 292 

0 0 
0 
3869 876 3942 949 
219 219 292 292 

0 0 
0 
3796 803 3869 876 
219 219 292 292 

0 0 
0 
3723 730 3796 803 
219 219 292 292 

0 0 
0 
3796 657 3869 730 
219 219 292 292 

0 0 
0 
3723 949 3796 1022 
219 219 292 292 

0 0 
0 
3796 876 3869 949 
219 219 292 292 

0 0 
0 
3723 876 3796 949 
0 146 73 219 

0 0 
0 
3723 803 3796 876 
0 146 73 219 

0 0 
0 
3723 657 3796 730 
0 146 73 219 

0 0 
0 
3869 657 3942 730 
0 146 73 219 

0 0 
0 
3869 730 3942 803 
0 146 73 219 

0 0 
0 
3796 730 3869 803 
0 146 73 219 

0 0 
0 
3869 803 3942 876 
0 146 73 219 

0 0 
0 
3796 949 3869 1022 
0 146 73 219 

0 0 
0 
3869 949 3942 1022 
0 146 73 219 

0 0 
0 
3796 1095 3869 1168 
0 146 73 219 

0 0 
0 
3869 1168 3942 1241 
0 146 73 219 

0 0 
0 
3869 1095 3942 1168 
0 146 73 219 

0 0 
0 
2774 1533 2847 1606 
657 876 730 949 

0 0 
0 
3577 1533 3650 1606 
584 876 657 949 

0 0 
0 
3723 292 3796 365 
730 803 803 876 

0 0 
0 
3796 292 3869 365 
730 803 803 876 

0 0 
0 
3869 292 3942 365 
730 803 803 876 

0 0 
0 
3723 365 3796 438 
584 438 657 511 

0 0 
0 
3796 438 3869 511 
584 438 657 511 

0 0 
0 
3869 438 3942 511 
584 438 657 511 

0 0 
0 
3723 438 3796 511 
803 219 876 292 

0 0 
0 
3796 365 3869 438 
803 219 876 292 

0 0 
0 
3869 365 3942 438 
803 219 876 292 

0 0 
0 
3723 511 3796 584 
584 73 657 146 

0 0 
0 
3869 511 3942 584 
584 73 657 146 

0 0 
0 
3869 584 3942 657 
584 146 657 219 

0 0 
0 
3796 584 3869 657 
584 146 657 219 

0 0 
0 
3723 584 3796 657 
584 146 657 219 

0 0 
0 
3796 511 3869 584 
292 438 365 511 

0 0 
0 
3212 438 3285 511 
438 219 511 292 

0 0 
0 
3358 438 3431 511 
438 219 511 292 

0 0 
0 
3577 438 3650 511 
438 219 511 292 

0 0 
0 
3942 1022 4015 1095 
438 803 511 876 

0 0 
0 
3942 876 4015 949 
438 803 511 876 

0 0 
0 
3942 730 4015 803 
438 803 511 876 

0 0 
0 
3942 584 4015 657 
438 803 511 876 

0 0 
0 
3942 511 4015 584 
438 803 511 876 

0 0 
0 
3942 438 4015 511 
438 803 511 876 

0 0 
0 
3942 365 4015 438 
438 803 511 876 

0 0 
0 
3942 657 4015 730 
438 730 511 803 

0 0 
0 
3942 803 4015 876 
438 730 511 803 

0 0 
0 
3942 949 4015 1022 
438 730 511 803 

0 0 
0 
3942 1095 4015 1168 
438 730 511 803 

0 0 
0 
3942 1168 4015 1241 
438 730 511 803 

0 0 
0 
3942 1241 4015 1314 
438 730 511 803 

0 0 
0 
3942 292 4015 365 
438 657 511 730 

0 0 
0 
1752 803 1825 876 
730 1022 803 1095 

0 1 
0 
1752 730 1825 803 
438 730 511 803 

0 1 
0 
1752 657 1825 730 
438 730 511 803 

0 1 
0 
1752 584 1825 657 
438 730 511 803 

0 1 
0 
1752 511 1825 584 
438 730 511 803 

0 1 
0 
1752 438 1825 511 
438 730 511 803 

0 1 
0 
1752 365 1825 438 
438 730 511 803 

0 1 
0 
1752 292 1825 365 
438 657 511 730 

0 1 
0 
1679 292 1752 365 
730 803 803 876 

0 1 
0 
1314 292 1387 365 
730 803 803 876 

0 1 
0 
1095 292 1168 365 
730 803 803 876 

0 1 
0 
803 292 876 365 
730 803 803 876 

0 1 
0 
730 292 803 365 
730 803 803 876 

0 1 
0 
511 292 584 365 
730 803 803 876 

0 1 
0 
365 292 438 365 
730 803 803 876 

0 1 
0 
219 292 292 365 
730 803 803 876 

0 1 
0 
146 292 219 365 
730 803 803 876 

0 1 
0 
876 292 949 365 
730 803 803 876 

0 1 
0 
1387 292 1460 365 
730 803 803 876 

0 1 
0 
1533 292 1606 365 
730 803 803 876 

0 1 
0 
1460 292 1533 365 
730 803 803 876 

0 1 
0 
1606 292 1679 365 
730 803 803 876 

0 1 
0 
1241 292 1314 365 
511 1022 584 1095 

0 1 
0 
1168 292 1241 365 
511 1022 584 1095 

0 1 
0 
1022 292 1095 365 
511 1022 584 1095 

0 1 
0 
949 292 1022 365 
511 1022 584 1095 

0 1 
0 
657 292 730 365 
511 1022 584 1095 

0 1 
0 
584 292 657 365 
511 1022 584 1095 

0 1 
0 
438 292 511 365 
511 1022 584 1095 

0 1 
0 
292 292 365 365 
511 1022 584 1095 

0 1 
0 
73 292 146 365 
511 657 584 730 

0 1 
0 
73 438 146 511 
511 730 584 803 

0 1 
0 
73 511 146 584 
511 730 584 803 

0 1 
0 
73 657 146 730 
511 730 584 803 

0 1 
0 
73 1095 146 1168 
511 730 584 803 

0 1 
0 
73 1168 146 1241 
511 730 584 803 

0 1 
0 
73 1387 146 1460 
511 730 584 803 

0 1 
0 
73 1460 146 1533 
511 730 584 803 

0 1 
0 
73 1606 146 1679 
511 730 584 803 

0 1 
0 
73 1752 146 1825 
511 730 584 803 

0 1 
0 
73 1898 146 1971 
511 730 584 803 

0 1 
0 
73 1241 146 1314 
511 730 584 803 

0 1 
0 
146 511 219 584 
803 73 876 146 

0 1 
0 
438 511 511 584 
803 73 876 146 

0 1 
0 
657 511 730 584 
803 73 876 146 

0 1 
0 
803 511 876 584 
803 73 876 146 

0 1 
0 
949 511 1022 584 
803 73 876 146 

0 1 
0 
1095 511 1168 584 
803 73 876 146 

0 1 
0 
1314 511 1387 584 
803 73 876 146 

0 1 
0 
1533 511 1606 584 
803 73 876 146 

0 1 
0 
1606 511 1679 584 
803 73 876 146 

0 1 
0 
365 511 438 584 
803 73 876 146 

0 1 
0 
292 511 365 584 
803 73 876 146 

0 1 
0 
219 511 292 584 
949 73 1022 146 

0 1 
0 
511 511 584 584 
949 73 1022 146 

0 1 
0 
584 511 657 584 
146 438 219 511 

0 1 
0 
730 511 803 584 
146 438 219 511 

0 1 
0 
1168 511 1241 584 
146 438 219 511 

0 1 
0 
1241 511 1314 584 
146 438 219 511 

0 1 
0 
1387 511 1460 584 
146 438 219 511 

0 1 
0 
1460 511 1533 584 
146 438 219 511 

0 1 
0 
1022 511 1095 584 
146 438 219 511 

0 1 
0 
876 511 949 584 
146 438 219 511 

0 1 
0 
1679 511 1752 584 
146 438 219 511 

0 1 
0 
73 365 146 438 
657 657 730 730 

0 1 
0 
73 730 146 803 
657 657 730 730 

0 1 
0 
73 876 146 949 
657 657 730 730 

0 1 
0 
73 1314 146 1387 
657 657 730 730 

0 1 
0 
73 1022 146 1095 
657 657 730 730 

0 1 
0 
73 1825 146 1898 
511 803 584 876 

0 1 
0 
73 1679 146 1752 
511 803 584 876 

0 1 
0 
73 584 146 657 
511 803 584 876 

0 1 
0 
73 803 146 876 
511 803 584 876 

0 1 
0 
73 949 146 1022 
511 803 584 876 

0 1 
0 
73 1533 146 1606 
511 803 584 876 

0 1 
0 
73 1971 146 2044 
657 876 730 949 

0 1 
0 
1752 1971 1825 2044 
584 876 657 949 

0 1 
0 
1752 1898 1825 1971 
584 657 657 730 

0 1 
0 
1752 1533 1825 1606 
584 657 657 730 

0 1 
0 
1752 1460 1825 1533 
584 657 657 730 

0 1 
0 
1752 1679 1825 1752 
584 657 657 730 

0 1 
0 
1752 1606 1825 1679 
438 803 511 876 

0 1 
0 
1752 1752 1825 1825 
438 803 511 876 

0 1 
0 
1752 1825 1825 1898 
438 803 511 876 

0 1 
0 
146 365 219 438 
730 292 803 365 

0 1 
0 
365 365 438 438 
730 292 803 365 

0 1 
0 
584 438 657 511 
730 292 803 365 

0 1 
0 
876 438 949 511 
730 292 803 365 

0 1 
0 
1168 365 1241 438 
730 292 803 365 

0 1 
0 
1241 365 1314 438 
730 292 803 365 

0 1 
0 
730 365 803 438 
730 292 803 365 

0 1 
0 
584 365 657 438 
657 438 730 511 

0 1 
0 
511 438 584 511 
657 438 730 511 

0 1 
0 
365 438 438 511 
657 438 730 511 

0 1 
0 
292 438 365 511 
657 438 730 511 

0 1 
0 
219 365 292 438 
657 438 730 511 

0 1 
0 
292 365 365 438 
657 438 730 511 

0 1 
0 
219 438 292 511 
657 438 730 511 

0 1 
0 
438 365 511 438 
803 219 876 292 

0 1 
0 
511 365 584 438 
803 219 876 292 

0 1 
0 
146 438 219 511 
803 219 876 292 

0 1 
0 
438 438 511 511 
803 219 876 292 

0 1 
0 
949 365 1022 438 
803 219 876 292 

0 1 
0 
1022 438 1095 511 
803 219 876 292 

0 1 
0 
1168 438 1241 511 
803 219 876 292 

0 1 
0 
1314 438 1387 511 
803 219 876 292 

0 1 
0 
1387 365 1460 438 
803 219 876 292 

0 1 
0 
1533 365 1606 438 
803 219 876 292 

0 1 
0 
1606 438 1679 511 
803 219 876 292 

0 1 
0 
1460 438 1533 511 
803 219 876 292 

0 1 
0 
1606 365 1679 438 
803 219 876 292 

0 1 
0 
1679 365 1752 438 
803 219 876 292 

0 1 
0 
1460 365 1533 438 
584 438 657 511 

0 1 
0 
1387 438 1460 511 
584 438 657 511 

0 1 
0 
1314 365 1387 438 
584 438 657 511 

0 1 
0 
1241 438 1314 511 
584 438 657 511 

0 1 
0 
1533 438 1606 511 
584 438 657 511 

0 1 
0 
1679 438 1752 511 
584 438 657 511 

0 1 
0 
1022 365 1095 438 
584 438 657 511 

0 1 
0 
1095 365 1168 438 
584 438 657 511 

0 1 
0 
1095 438 1168 511 
584 438 657 511 

0 1 
0 
949 438 1022 511 
584 438 657 511 

0 1 
0 
876 365 949 438 
584 438 657 511 

0 1 
0 
803 365 876 438 
584 438 657 511 

0 1 
0 
803 438 876 511 
584 438 657 511 

0 1 
0 
730 438 803 511 
584 438 657 511 

0 1 
0 
657 365 730 438 
438 438 511 511 

0 1 
0 
657 438 730 511 
438 438 511 511 

0 1 
0 
584 803 657 876 
73 219 146 292 

0 1 
0 
949 803 1022 876 
73 219 146 292 

0 1 
0 
1168 1022 1241 1095 
73 219 146 292 

0 1 
0 
949 1241 1022 1314 
73 219 146 292 

0 1 
0 
584 1095 657 1168 
73 219 146 292 

0 1 
0 
219 1095 292 1168 
73 219 146 292 

0 1 
0 
511 1460 584 1533 
73 219 146 292 

0 1 
0 
876 1460 949 1533 
73 219 146 292 

0 1 
0 
803 1022 876 1095 
73 219 146 292 

0 1 
0 
1241 876 1314 949 
73 219 146 292 

0 1 
0 
1314 876 1387 949 
73 219 146 292 

0 1 
0 
1314 1314 1387 1387 
73 219 146 292 

0 1 
0 
1314 1533 1387 1606 
73 219 146 292 

0 1 
0 
1168 1752 1241 1825 
73 219 146 292 

0 1 
0 
876 1752 949 1825 
73 219 146 292 

0 1 
0 
657 1606 730 1679 
73 219 146 292 

0 1 
0 
657 1314 730 1387 
73 219 146 292 

0 1 
0 
730 1241 803 1314 
73 219 146 292 

0 1 
0 
1533 803 1606 876 
73 219 146 292 

0 1 
0 
1533 1095 1606 1168 
73 219 146 292 

0 1 
0 
1533 1241 1606 1314 
73 219 146 292 

0 1 
0 
1533 1460 1606 1533 
73 219 146 292 

0 1 
0 
1460 1606 1533 1679 
73 219 146 292 

0 1 
0 
1168 1168 1241 1241 
73 219 146 292 

0 1 
0 
1095 1095 1168 1168 
73 219 146 292 

0 1 
0 
1022 949 1095 1022 
73 219 146 292 

0 1 
0 
949 876 1022 949 
73 219 146 292 

0 1 
0 
730 803 803 876 
73 219 146 292 

0 1 
0 
584 949 657 1022 
73 219 146 292 

0 1 
0 
438 803 511 876 
73 219 146 292 

0 1 
0 
292 949 365 1022 
73 219 146 292 

0 1 
0 
365 1314 438 1387 
73 219 146 292 

0 1 
0 
292 1460 365 1533 
73 219 146 292 

0 1 
0 
219 1679 292 1752 
73 219 146 292 

0 1 
0 
146 1898 219 1971 
73 219 146 292 

0 1 
0 
365 1898 438 1971 
73 219 146 292 

0 1 
0 
1679 1825 1752 1898 
73 219 146 292 

0 1 
0 
1606 1898 1679 1971 
73 219 146 292 

0 1 
0 
1387 1971 1460 2044 
73 219 146 292 

0 1 
0 
1460 1898 1533 1971 
73 219 146 292 

0 1 
0 
803 1898 876 1971 
73 219 146 292 

0 1 
0 
1095 1898 1168 1971 
73 219 146 292 

0 1 
0 
1460 1314 1533 1387 
73 219 146 292 

0 1 
0 
1022 1606 1095 1679 
73 219 146 292 

0 1 
0 
146 1971 219 2044 
73 219 146 292 

0 1 
0 
219 1971 292 2044 
73 219 146 292 

0 1 
0 
365 1971 438 2044 
73 219 146 292 

0 1 
0 
292 1971 365 2044 
73 219 146 292 

0 1 
0 
438 1971 511 2044 
73 219 146 292 

0 1 
0 
511 1971 584 2044 
73 219 146 292 

0 1 
0 
584 1971 657 2044 
73 219 146 292 

0 1 
0 
657 1971 730 2044 
73 219 146 292 

0 1 
0 
730 1971 803 2044 
73 219 146 292 

0 1 
0 
803 1971 876 2044 
73 219 146 292 

0 1 
0 
876 1971 949 2044 
73 219 146 292 

0 1 
0 
949 1971 1022 2044 
73 219 146 292 

0 1 
0 
1022 1971 1095 2044 
73 219 146 292 

0 1 
0 
1095 1971 1168 2044 
73 219 146 292 

0 1 
0 
1168 1971 1241 2044 
73 219 146 292 

0 1 
0 
1241 1971 1314 2044 
73 219 146 292 

0 1 
0 
1314 1971 1387 2044 
73 219 146 292 

0 1 
0 
1460 1971 1533 2044 
73 219 146 292 

0 1 
0 
1606 1971 1679 2044 
73 219 146 292 

0 1 
0 
1679 1971 1752 2044 
73 219 146 292 

0 1 
0 
1679 1898 1752 1971 
73 219 146 292 

0 1 
0 
949 1314 1022 1387 
73 219 146 292 

0 1 
0 
584 1168 657 1241 
73 219 146 292 

0 1 
0 
438 1679 511 1752 
73 219 146 292 

0 1 
0 
365 1752 438 1825 
73 219 146 292 

0 1 
0 
1095 1679 1168 1752 
73 219 146 292 

0 1 
0 
1314 1679 1387 1752 
73 219 146 292 

0 1 
0 
803 1314 876 1387 
73 219 146 292 

0 1 
0 
584 1460 657 1533 
73 219 146 292 

0 1 
0 
511 1095 584 1168 
73 219 146 292 

0 1 
0 
292 657 365 730 
73 219 146 292 

0 1 
0 
584 657 657 730 
73 219 146 292 

0 1 
0 
949 657 1022 730 
73 219 146 292 

0 1 
0 
1314 657 1387 730 
73 219 146 292 

0 1 
0 
1168 803 1241 876 
73 292 146 365 

0 1 
0 
438 1241 511 1314 
73 292 146 365 

0 1 
0 
511 1606 584 1679 
73 292 146 365 

0 1 
0 
219 730 292 803 
73 292 146 365 

0 1 
0 
146 657 219 730 
365 146 438 219 

0 1 
0 
146 803 219 876 
365 146 438 219 

0 1 
0 
146 876 219 949 
365 146 438 219 

0 1 
0 
146 1022 219 1095 
365 146 438 219 

0 1 
0 
146 1168 219 1241 
365 146 438 219 

0 1 
0 
146 1314 219 1387 
365 146 438 219 

0 1 
0 
146 1460 219 1533 
365 146 438 219 

0 1 
0 
146 1533 219 1606 
365 146 438 219 

0 1 
0 
146 1679 219 1752 
365 146 438 219 

0 1 
0 
146 1752 219 1825 
365 146 438 219 

0 1 
0 
146 1825 219 1898 
365 146 438 219 

0 1 
0 
146 1606 219 1679 
365 146 438 219 

0 1 
0 
146 1241 219 1314 
365 146 438 219 

0 1 
0 
146 1095 219 1168 
365 146 438 219 

0 1 
0 
146 1387 219 1460 
365 146 438 219 

0 1 
0 
146 949 219 1022 
365 146 438 219 

0 1 
0 
146 730 219 803 
365 146 438 219 

0 1 
0 
219 657 292 730 
365 146 438 219 

0 1 
0 
657 730 730 803 
365 146 438 219 

0 1 
0 
657 876 730 949 
365 146 438 219 

0 1 
0 
657 1095 730 1168 
365 146 438 219 

0 1 
0 
657 1241 730 1314 
365 146 438 219 

0 1 
0 
657 1460 730 1533 
365 146 438 219 

0 1 
0 
657 1533 730 1606 
365 146 438 219 

0 1 
0 
657 1752 730 1825 
365 146 438 219 

0 1 
0 
1022 1022 1095 1095 
365 146 438 219 

0 1 
0 
1022 1314 1095 1387 
365 146 438 219 

0 1 
0 
1095 1241 1168 1314 
365 146 438 219 

0 1 
0 
1095 1460 1168 1533 
365 146 438 219 

0 1 
0 
1168 1606 1241 1679 
365 146 438 219 

0 1 
0 
1679 1022 1752 1095 
365 146 438 219 

0 1 
0 
1606 1168 1679 1241 
365 146 438 219 

0 1 
0 
1679 1314 1752 1387 
365 146 438 219 

0 1 
0 
1679 1460 1752 1533 
365 146 438 219 

0 1 
0 
1606 1679 1679 1752 
365 146 438 219 

0 1 
0 
1679 1752 1752 1825 
365 146 438 219 

0 1 
0 
1606 1752 1679 1825 
365 146 438 219 

0 1 
0 
1533 1752 1606 1825 
365 146 438 219 

0 1 
0 
1533 1679 1606 1752 
365 146 438 219 

0 1 
0 
1387 1387 1460 1460 
365 146 438 219 

0 1 
0 
1387 1460 1460 1533 
365 146 438 219 

0 1 
0 
1387 1533 1460 1606 
365 146 438 219 

0 1 
0 
1387 1606 1460 1679 
365 146 438 219 

0 1 
0 
803 730 876 803 
365 146 438 219 

0 1 
0 
1168 730 1241 803 
365 146 438 219 

0 1 
0 
1460 730 1533 803 
365 146 438 219 

0 1 
0 
1533 730 1606 803 
365 146 438 219 

0 1 
0 
1533 657 1606 730 
365 146 438 219 

0 1 
0 
1387 657 1460 730 
365 146 438 219 

0 1 
0 
1387 803 1460 876 
365 146 438 219 

0 1 
0 
1387 949 1460 1022 
365 146 438 219 

0 1 
0 
1314 1095 1387 1168 
365 146 438 219 

0 1 
0 
876 1095 949 1168 
365 146 438 219 

0 1 
0 
876 1022 949 1095 
365 146 438 219 

0 1 
0 
803 1095 876 1168 
365 146 438 219 

0 1 
0 
803 1168 876 1241 
365 146 438 219 

0 1 
0 
876 1168 949 1241 
365 146 438 219 

0 1 
0 
876 1241 949 1314 
365 146 438 219 

0 1 
0 
803 1241 876 1314 
365 146 438 219 

0 1 
0 
876 1314 949 1387 
365 146 438 219 

0 1 
0 
803 1387 876 1460 
365 146 438 219 

0 1 
0 
876 1387 949 1460 
365 146 438 219 

0 1 
0 
730 1679 803 1752 
365 146 438 219 

0 1 
0 
511 1387 584 1460 
365 146 438 219 

0 1 
0 
584 1314 657 1387 
365 146 438 219 

0 1 
0 
584 1241 657 1314 
365 146 438 219 

0 1 
0 
511 1168 584 1241 
365 146 438 219 

0 1 
0 
511 1241 584 1314 
365 146 438 219 

0 1 
0 
511 1314 584 1387 
365 146 438 219 

0 1 
0 
438 876 511 949 
365 146 438 219 

0 1 
0 
365 1022 438 1095 
365 146 438 219 

0 1 
0 
438 1095 511 1168 
365 146 438 219 

0 1 
0 
803 803 876 876 
0 0 73 73 

0 1 
0 
730 876 803 949 
0 0 73 73 

0 1 
0 
730 949 803 1022 
0 0 73 73 

0 1 
0 
730 1022 803 1095 
0 0 73 73 

0 1 
0 
730 1095 803 1168 
0 0 73 73 

0 1 
0 
730 1168 803 1241 
0 0 73 73 

0 1 
0 
657 1168 730 1241 
0 0 73 73 

0 1 
0 
584 1022 657 1095 
0 0 73 73 

0 1 
0 
511 1022 584 1095 
0 0 73 73 

0 1 
0 
438 1022 511 1095 
0 0 73 73 

0 1 
0 
438 949 511 1022 
0 0 73 73 

0 1 
0 
365 876 438 949 
0 0 73 73 

0 1 
0 
292 803 365 876 
0 0 73 73 

0 1 
0 
219 876 292 949 
0 0 73 73 

0 1 
0 
292 1022 365 1095 
0 0 73 73 

0 1 
0 
292 1241 365 1314 
0 0 73 73 

0 1 
0 
365 1460 438 1533 
0 0 73 73 

0 1 
0 
657 1387 730 1460 
0 0 73 73 

0 1 
0 
730 1460 803 1533 
0 0 73 73 

0 1 
0 
803 1606 876 1679 
0 0 73 73 

0 1 
0 
949 1679 1022 1752 
0 0 73 73 

0 1 
0 
1241 1460 1314 1533 
0 0 73 73 

0 1 
0 
1168 1387 1241 1460 
0 0 73 73 

0 1 
0 
1241 1387 1314 1460 
0 0 73 73 

0 1 
0 
1241 1241 1314 1314 
0 0 73 73 

0 1 
0 
1679 657 1752 730 
0 0 73 73 

0 1 
0 
1679 730 1752 803 
0 0 73 73 

0 1 
0 
1679 803 1752 876 
0 0 73 73 

0 1 
0 
1606 949 1679 1022 
0 0 73 73 

0 1 
0 
1533 949 1606 1022 
0 0 73 73 

0 1 
0 
1606 803 1679 876 
0 0 73 73 

0 1 
0 
1606 730 1679 803 
0 0 73 73 

0 1 
0 
1606 657 1679 730 
0 0 73 73 

0 1 
0 
1606 876 1679 949 
0 0 73 73 

0 1 
0 
1533 876 1606 949 
0 0 73 73 

0 1 
0 
1679 876 1752 949 
0 0 73 73 

0 1 
0 
1460 1168 1533 1241 
0 0 73 73 

0 1 
0 
1387 1241 1460 1314 
0 0 73 73 

0 1 
0 
1606 1533 1679 1606 
0 0 73 73 

0 1 
0 
1606 1241 1679 1314 
0 0 73 73 

0 1 
0 
1606 1314 1679 1387 
0 0 73 73 

0 1 
0 
1606 1387 1679 1460 
0 0 73 73 

0 1 
0 
1533 1387 1606 1460 
0 0 73 73 

0 1 
0 
1533 1314 1606 1387 
0 0 73 73 

0 1 
0 
1533 1168 1606 1241 
0 0 73 73 

0 1 
0 
1533 1022 1606 1095 
0 0 73 73 

0 1 
0 
1606 1022 1679 1095 
0 0 73 73 

0 1 
0 
1606 1095 1679 1168 
0 0 73 73 

0 1 
0 
1679 1095 1752 1168 
0 0 73 73 

0 1 
0 
1679 1168 1752 1241 
0 0 73 73 

0 1 
0 
1679 1241 1752 1314 
0 0 73 73 

0 1 
0 
1679 949 1752 1022 
0 0 73 73 

0 1 
0 
1314 1387 1387 1460 
0 0 73 73 

0 1 
0 
1314 1460 1387 1533 
0 0 73 73 

0 1 
0 
1168 1460 1241 1533 
0 0 73 73 

0 1 
0 
1168 1533 1241 1606 
0 0 73 73 

0 1 
0 
1241 1533 1314 1606 
0 0 73 73 

0 1 
0 
1095 1533 1168 1606 
0 0 73 73 

0 1 
0 
1022 1533 1095 1606 
0 0 73 73 

0 1 
0 
949 1460 1022 1533 
0 0 73 73 

0 1 
0 
949 1387 1022 1460 
0 0 73 73 

0 1 
0 
1022 1387 1095 1460 
0 0 73 73 

0 1 
0 
1022 1460 1095 1533 
0 0 73 73 

0 1 
0 
949 1752 1022 1825 
0 0 73 73 

0 1 
0 
949 1825 1022 1898 
0 0 73 73 

0 1 
0 
1022 1825 1095 1898 
0 0 73 73 

0 1 
0 
1022 1752 1095 1825 
0 0 73 73 

0 1 
0 
803 1825 876 1898 
0 0 73 73 

0 1 
0 
803 1752 876 1825 
0 0 73 73 

0 1 
0 
803 1679 876 1752 
0 0 73 73 

0 1 
0 
876 1679 949 1752 
0 0 73 73 

0 1 
0 
876 1606 949 1679 
0 0 73 73 

0 1 
0 
876 1533 949 1606 
0 0 73 73 

0 1 
0 
365 1241 438 1314 
0 0 73 73 

0 1 
0 
219 1241 292 1314 
0 0 73 73 

0 1 
0 
219 1168 292 1241 
0 0 73 73 

0 1 
0 
292 1168 365 1241 
0 0 73 73 

0 1 
0 
365 1168 438 1241 
0 0 73 73 

0 1 
0 
438 1168 511 1241 
0 0 73 73 

0 1 
0 
292 1095 365 1168 
0 0 73 73 

0 1 
0 
365 1095 438 1168 
0 0 73 73 

0 1 
0 
219 1752 292 1825 
0 0 73 73 

0 1 
0 
219 1825 292 1898 
0 0 73 73 

0 1 
0 
292 1825 365 1898 
0 0 73 73 

0 1 
0 
292 1752 365 1825 
0 0 73 73 

0 1 
0 
292 1679 365 1752 
0 0 73 73 

0 1 
0 
292 1606 365 1679 
0 0 73 73 

0 1 
0 
365 1606 438 1679 
0 0 73 73 

0 1 
0 
365 1679 438 1752 
0 0 73 73 

0 1 
0 
219 1898 292 1971 
0 0 73 73 

0 1 
0 
292 1898 365 1971 
0 0 73 73 

0 1 
0 
219 1606 292 1679 
0 0 73 73 

0 1 
0 
219 1533 292 1606 
0 0 73 73 

0 1 
0 
219 1460 292 1533 
0 0 73 73 

0 1 
0 
219 1387 292 1460 
0 0 73 73 

0 1 
0 
219 1314 292 1387 
0 0 73 73 

0 1 
0 
292 1314 365 1387 
0 0 73 73 

0 1 
0 
292 1387 365 1460 
0 0 73 73 

0 1 
0 
292 1533 365 1606 
0 0 73 73 

0 1 
0 
365 1533 438 1606 
0 0 73 73 

0 1 
0 
365 1387 438 1460 
0 0 73 73 

0 1 
0 
438 1314 511 1387 
0 0 73 73 

0 1 
0 
438 1387 511 1460 
0 0 73 73 

0 1 
0 
438 1460 511 1533 
0 0 73 73 

0 1 
0 
438 1533 511 1606 
0 0 73 73 

0 1 
0 
438 1606 511 1679 
0 0 73 73 

0 1 
0 
365 1825 438 1898 
0 0 73 73 

0 1 
0 
438 1825 511 1898 
0 0 73 73 

0 1 
0 
438 1752 511 1825 
0 0 73 73 

0 1 
0 
511 1752 584 1825 
0 0 73 73 

0 1 
0 
1387 1314 1460 1387 
0 0 73 73 

0 1 
0 
1241 1314 1314 1387 
0 0 73 73 

0 1 
0 
1168 1241 1241 1314 
0 0 73 73 

0 1 
0 
1022 1241 1095 1314 
0 0 73 73 

0 1 
0 
949 1533 1022 1606 
73 219 146 292 

0 1 
0 
803 1533 876 1606 
73 219 146 292 

0 1 
0 
803 1460 876 1533 
73 219 146 292 

0 1 
0 
730 1387 803 1460 
73 219 146 292 

0 1 
0 
730 1314 803 1387 
73 219 146 292 

0 1 
0 
584 1387 657 1460 
73 219 146 292 

0 1 
0 
584 1533 657 1606 
73 219 146 292 

0 1 
0 
511 1533 584 1606 
73 219 146 292 

0 1 
0 
584 1606 657 1679 
73 219 146 292 

0 1 
0 
584 730 657 803 
73 219 146 292 

0 1 
0 
511 730 584 803 
73 219 146 292 

0 1 
0 
365 730 438 803 
73 219 146 292 

0 1 
0 
365 803 438 876 
73 219 146 292 

0 1 
0 
365 949 438 1022 
73 219 146 292 

0 1 
0 
292 876 365 949 
73 219 146 292 

0 1 
0 
219 1022 292 1095 
73 219 146 292 

0 1 
0 
219 949 292 1022 
73 219 146 292 

0 1 
0 
219 803 292 876 
73 219 146 292 

0 1 
0 
292 730 365 803 
73 219 146 292 

0 1 
0 
365 657 438 730 
73 219 146 292 

0 1 
0 
438 657 511 730 
73 219 146 292 

0 1 
0 
438 730 511 803 
73 219 146 292 

0 1 
0 
511 803 584 876 
73 219 146 292 

0 1 
0 
511 876 584 949 
73 219 146 292 

0 1 
0 
584 876 657 949 
73 219 146 292 

0 1 
0 
657 803 730 876 
73 219 146 292 

0 1 
0 
730 730 803 803 
73 219 146 292 

0 1 
0 
730 657 803 730 
73 219 146 292 

0 1 
0 
657 657 730 730 
73 219 146 292 

0 1 
0 
511 657 584 730 
73 219 146 292 

0 1 
0 
511 949 584 1022 
73 219 146 292 

0 1 
0 
657 1022 730 1095 
73 219 146 292 

0 1 
0 
803 949 876 1022 
73 219 146 292 

0 1 
0 
803 876 876 949 
73 219 146 292 

0 1 
0 
876 876 949 949 
73 219 146 292 

0 1 
0 
876 949 949 1022 
73 219 146 292 

0 1 
0 
949 949 1022 1022 
73 219 146 292 

0 1 
0 
949 1095 1022 1168 
73 219 146 292 

0 1 
0 
1022 1168 1095 1241 
73 219 146 292 

0 1 
0 
949 1168 1022 1241 
73 219 146 292 

0 1 
0 
1095 1168 1168 1241 
73 219 146 292 

0 1 
0 
438 1898 511 1971 
73 219 146 292 

0 1 
0 
511 1898 584 1971 
73 219 146 292 

0 1 
0 
511 1825 584 1898 
73 219 146 292 

0 1 
0 
511 1679 584 1752 
73 219 146 292 

0 1 
0 
584 1679 657 1752 
73 219 146 292 

0 1 
0 
584 1752 657 1825 
73 219 146 292 

0 1 
0 
584 1825 657 1898 
73 219 146 292 

0 1 
0 
584 1898 657 1971 
73 219 146 292 

0 1 
0 
657 1898 730 1971 
73 219 146 292 

0 1 
0 
657 1825 730 1898 
73 219 146 292 

0 1 
0 
730 1825 803 1898 
73 219 146 292 

0 1 
0 
730 1898 803 1971 
73 219 146 292 

0 1 
0 
730 1752 803 1825 
73 219 146 292 

0 1 
0 
657 1679 730 1752 
73 219 146 292 

0 1 
0 
730 1606 803 1679 
73 219 146 292 

0 1 
0 
730 1533 803 1606 
73 219 146 292 

0 1 
0 
876 1825 949 1898 
73 219 146 292 

0 1 
0 
876 1898 949 1971 
73 219 146 292 

0 1 
0 
949 1898 1022 1971 
73 219 146 292 

0 1 
0 
1022 1898 1095 1971 
73 219 146 292 

0 1 
0 
1095 1825 1168 1898 
73 219 146 292 

0 1 
0 
1095 1752 1168 1825 
73 219 146 292 

0 1 
0 
1022 1679 1095 1752 
73 219 146 292 

0 1 
0 
949 1606 1022 1679 
73 219 146 292 

0 1 
0 
1168 1898 1241 1971 
73 219 146 292 

0 1 
0 
1168 1825 1241 1898 
73 219 146 292 

0 1 
0 
1241 1825 1314 1898 
73 219 146 292 

0 1 
0 
1241 1898 1314 1971 
73 219 146 292 

0 1 
0 
1241 1752 1314 1825 
73 219 146 292 

0 1 
0 
1241 1679 1314 1752 
73 219 146 292 

0 1 
0 
1095 1606 1168 1679 
73 219 146 292 

0 1 
0 
1168 1679 1241 1752 
73 219 146 292 

0 1 
0 
1241 1606 1314 1679 
73 219 146 292 

0 1 
0 
1314 1606 1387 1679 
73 219 146 292 

0 1 
0 
1314 1752 1387 1825 
73 219 146 292 

0 1 
0 
1314 1825 1387 1898 
73 219 146 292 

0 1 
0 
1314 1898 1387 1971 
73 219 146 292 

0 1 
0 
1387 1898 1460 1971 
73 219 146 292 

0 1 
0 
1387 1825 1460 1898 
73 219 146 292 

0 1 
0 
1387 1679 1460 1752 
73 219 146 292 

0 1 
0 
1387 1752 1460 1825 
73 219 146 292 

0 1 
0 
1460 1679 1533 1752 
73 219 146 292 

0 1 
0 
1460 1752 1533 1825 
73 219 146 292 

0 1 
0 
1460 1825 1533 1898 
73 219 146 292 

0 1 
0 
1533 1825 1606 1898 
73 219 146 292 

0 1 
0 
1606 1825 1679 1898 
73 219 146 292 

0 1 
0 
1533 1898 1606 1971 
73 219 146 292 

0 1 
0 
1460 1533 1533 1606 
73 219 146 292 

0 1 
0 
1460 1460 1533 1533 
73 219 146 292 

0 1 
0 
1460 1387 1533 1460 
73 219 146 292 

0 1 
0 
1533 1606 1606 1679 
73 219 146 292 

0 1 
0 
1533 1533 1606 1606 
73 219 146 292 

0 1 
0 
1606 1460 1679 1533 
73 219 146 292 

0 1 
0 
1679 1533 1752 1606 
73 219 146 292 

0 1 
0 
1679 1387 1752 1460 
0 219 73 292 

0 1 
0 
1606 1606 1679 1679 
0 219 73 292 

0 1 
0 
1679 1606 1752 1679 
0 219 73 292 

0 1 
0 
1679 1679 1752 1752 
0 219 73 292 

0 1 
0 
657 949 730 1022 
0 219 73 292 

0 1 
0 
949 1022 1022 1095 
0 219 73 292 

0 1 
0 
1022 1095 1095 1168 
0 219 73 292 

0 1 
0 
1095 1314 1168 1387 
0 219 73 292 

0 1 
0 
1168 1314 1241 1387 
0 219 73 292 

0 1 
0 
1095 1387 1168 1460 
0 219 73 292 

0 1 
0 
1460 1241 1533 1314 
0 219 73 292 

0 1 
0 
1314 1168 1387 1241 
0 219 73 292 

0 1 
0 
1241 1168 1314 1241 
0 219 73 292 

0 1 
0 
1241 1095 1314 1168 
0 219 73 292 

0 1 
0 
1241 1022 1314 1095 
0 219 73 292 

0 1 
0 
1241 949 1314 1022 
0 219 73 292 

0 1 
0 
1314 1022 1387 1095 
0 219 73 292 

0 1 
0 
1314 949 1387 1022 
0 219 73 292 

0 1 
0 
1387 1022 1460 1095 
0 219 73 292 

0 1 
0 
1387 1095 1460 1168 
0 219 73 292 

0 1 
0 
1387 1168 1460 1241 
0 219 73 292 

0 1 
0 
1314 1241 1387 1314 
0 219 73 292 

0 1 
0 
1095 876 1168 949 
0 219 73 292 

0 1 
0 
1095 803 1168 876 
0 219 73 292 

0 1 
0 
1022 803 1095 876 
0 219 73 292 

0 1 
0 
1022 730 1095 803 
0 219 73 292 

0 1 
0 
1095 730 1168 803 
0 219 73 292 

0 1 
0 
803 657 876 730 
0 219 73 292 

0 1 
0 
876 657 949 730 
0 219 73 292 

0 1 
0 
876 730 949 803 
0 219 73 292 

0 1 
0 
949 730 1022 803 
0 219 73 292 

0 1 
0 
876 803 949 876 
0 219 73 292 

0 1 
0 
1022 657 1095 730 
0 219 73 292 

0 1 
0 
1095 657 1168 730 
0 219 73 292 

0 1 
0 
1168 657 1241 730 
0 219 73 292 

0 1 
0 
1460 876 1533 949 
0 219 73 292 

0 1 
0 
1460 949 1533 1022 
0 219 73 292 

0 1 
0 
1460 1022 1533 1095 
0 219 73 292 

0 1 
0 
1460 1095 1533 1168 
0 219 73 292 

0 1 
0 
1168 1095 1241 1168 
0 219 73 292 

0 1 
0 
1095 1022 1168 1095 
0 219 73 292 

0 1 
0 
1095 949 1168 1022 
0 219 73 292 

0 1 
0 
1168 949 1241 1022 
0 219 73 292 

0 1 
0 
1168 876 1241 949 
0 219 73 292 

0 1 
0 
1022 876 1095 949 
0 219 73 292 

0 1 
0 
1241 657 1314 730 
0 219 73 292 

0 1 
0 
1241 730 1314 803 
0 219 73 292 

0 1 
0 
1460 657 1533 730 
146 0 219 73 

0 1 
0 
1387 730 1460 803 
146 0 219 73 

0 1 
0 
1314 803 1387 876 
146 0 219 73 

0 1 
0 
1241 803 1314 876 
146 0 219 73 

0 1 
0 
1314 730 1387 803 
146 0 219 73 

0 1 
0 
1387 876 1460 949 
146 0 219 73 

0 1 
0 
1460 803 1533 876 
146 0 219 73 

0 1 
0 
146 584 219 657 
511 146 584 219 

0 1 
0 
803 584 876 657 
511 146 584 219 

0 1 
0 
949 584 1022 657 
511 146 584 219 

0 1 
0 
1241 584 1314 657 
511 146 584 219 

0 1 
0 
1387 584 1460 657 
511 146 584 219 

0 1 
0 
657 584 730 657 
511 146 584 219 

0 1 
0 
511 584 584 657 
511 146 584 219 

0 1 
0 
365 584 438 657 
511 146 584 219 

0 1 
0 
292 584 365 657 
511 146 584 219 

0 1 
0 
219 584 292 657 
511 146 584 219 

0 1 
0 
438 584 511 657 
511 146 584 219 

0 1 
0 
584 584 657 657 
511 146 584 219 

0 1 
0 
730 584 803 657 
511 146 584 219 

0 1 
0 
1022 584 1095 657 
511 146 584 219 

0 1 
0 
1095 584 1168 657 
511 146 584 219 

0 1 
0 
1168 584 1241 657 
511 146 584 219 

0 1 
0 
1314 584 1387 657 
511 146 584 219 

0 1 
0 
876 584 949 657 
511 146 584 219 

0 1 
0 
1533 584 1606 657 
511 146 584 219 

0 1 
0 
1679 584 1752 657 
511 146 584 219 

0 1 
0 
1606 584 1679 657 
511 146 584 219 

0 1 
0 
1460 584 1533 657 
511 146 584 219 

76 
0 0 
0 
2409 1387 2482 1460 
511 584 584 657 

0 0 
0 
2336 1387 2409 1460 
584 511 657 584 

0 0 
0 
2117 1387 2190 1460 
584 511 657 584 

0 0 
0 
1971 1387 2044 1460 
584 511 657 584 

0 0 
0 
1825 1387 1898 1460 
584 511 657 584 

0 0 
0 
2263 1387 2336 1460 
584 511 657 584 

0 0 
0 
2190 1387 2263 1460 
584 511 657 584 

0 0 
0 
1898 1387 1971 1460 
803 511 876 584 

0 0 
0 
2044 1387 2117 1460 
803 511 876 584 

0 0 
0 
2482 1825 2555 1898 
438 511 511 584 

0 0 
0 
2555 1825 2628 1898 
511 584 584 657 

0 0 
0 
2555 1898 2628 1971 
657 657 730 730 

0 0 
0 
2701 657 2774 730 
438 584 511 657 

0 0 
0 
3358 657 3431 730 
438 584 511 657 

0 0 
0 
2701 1314 2774 1387 
438 584 511 657 

0 0 
0 
3577 1314 3650 1387 
438 584 511 657 

0 0 
0 
3650 657 3723 730 
657 584 730 657 

0 0 
0 
3650 1314 3723 1387 
657 584 730 657 

0 0 
0 
2774 1314 2847 1387 
657 584 730 657 

0 0 
0 
2993 657 3066 730 
657 584 730 657 

0 0 
0 
2774 657 2847 730 
657 511 730 584 

0 0 
0 
2847 657 2920 730 
657 511 730 584 

0 0 
0 
3577 657 3650 730 
657 511 730 584 

0 0 
0 
3431 657 3504 730 
657 511 730 584 

0 0 
0 
2920 657 2993 730 
730 511 803 584 

0 0 
0 
3504 657 3577 730 
730 511 803 584 

0 0 
0 
2555 1971 2628 2044 
657 876 730 949 

0 0 
0 
2628 1971 2701 2044 
584 511 657 584 

0 0 
0 
2701 1971 2774 2044 
584 511 657 584 

0 0 
0 
2993 1971 3066 2044 
584 511 657 584 

0 0 
0 
3212 1971 3285 2044 
584 511 657 584 

0 0 
0 
3358 1971 3431 2044 
584 511 657 584 

0 0 
0 
3577 1971 3650 2044 
584 511 657 584 

0 0 
0 
3431 1971 3504 2044 
584 511 657 584 

0 0 
0 
2774 1971 2847 2044 
511 511 584 584 

0 0 
0 
2920 1971 2993 2044 
511 511 584 584 

0 0 
0 
3139 1971 3212 2044 
511 511 584 584 

0 0 
0 
3066 1971 3139 2044 
511 511 584 584 

0 0 
0 
3504 1971 3577 2044 
511 511 584 584 

0 0 
0 
3650 1971 3723 2044 
511 511 584 584 

0 0 
0 
2847 1971 2920 2044 
511 511 584 584 

0 0 
0 
3285 1971 3358 2044 
730 511 803 584 

0 0 
0 
3723 1971 3796 2044 
803 511 876 584 

0 0 
0 
3796 1971 3869 2044 
584 876 657 949 

0 0 
0 
3796 1898 3869 1971 
584 730 657 803 

0 0 
0 
3796 1825 3869 1898 
438 584 511 657 

0 0 
0 
3869 1825 3942 1898 
584 511 657 584 

0 0 
0 
2847 1533 2920 1606 
657 511 730 584 

0 0 
0 
2920 1533 2993 1606 
657 511 730 584 

0 0 
0 
3431 1533 3504 1606 
657 511 730 584 

0 0 
0 
3504 1533 3577 1606 
657 511 730 584 

0 0 
0 
2993 1533 3066 1606 
657 584 730 657 

0 0 
0 
3358 1533 3431 1606 
584 584 657 657 

0 1 
0 
292 1971 365 2044 
657 511 730 584 

0 1 
0 
511 1971 584 2044 
657 511 730 584 

0 1 
0 
730 1971 803 2044 
657 511 730 584 

0 1 
0 
1022 1971 1095 2044 
657 511 730 584 

0 1 
0 
1314 1971 1387 2044 
657 511 730 584 

0 1 
0 
1387 1971 1460 2044 
657 511 730 584 

0 1 
0 
1533 1971 1606 2044 
657 511 730 584 

0 1 
0 
1679 1971 1752 2044 
511 511 584 584 

0 1 
0 
1606 1971 1679 2044 
511 511 584 584 

0 1 
0 
1460 1971 1533 2044 
511 511 584 584 

0 1 
0 
1241 1971 1314 2044 
511 511 584 584 

0 1 
0 
1168 1971 1241 2044 
511 511 584 584 

0 1 
0 
584 1971 657 2044 
511 511 584 584 

0 1 
0 
657 1971 730 2044 
511 511 584 584 

0 1 
0 
438 1971 511 2044 
511 511 584 584 

0 1 
0 
146 1971 219 2044 
511 511 584 584 

0 1 
0 
365 1971 438 2044 
584 511 657 584 

0 1 
0 
803 1971 876 2044 
438 511 511 584 

0 1 
0 
876 1971 949 2044 
438 511 511 584 

0 1 
0 
219 1971 292 2044 
438 511 511 584 

0 1 
0 
949 1971 1022 2044 
438 511 511 584 

0 1 
0 
1095 1971 1168 2044 
438 511 511 584 

0 1 
0 
1752 1387 1825 1460 
438 584 511 657 

0 
258 
1 0 
2701 1387 2774 1460 

1 0 
2774 1387 2847 1460 

1 0 
2701 1460 2774 1533 

1 0 
2701 1533 2774 1606 

1 0 
2701 1606 2774 1679 

1 0 
2701 1679 2774 1752 

1 0 
2701 1752 2774 1825 

1 0 
2701 1825 2774 1898 

1 0 
2774 1825 2847 1898 

1 0 
2847 1825 2920 1898 

1 0 
2920 1825 2993 1898 

1 0 
2993 1825 3066 1898 

1 0 
2993 1752 3066 1825 

1 0 
2993 1679 3066 1752 

1 0 
2993 1606 3066 1679 

1 0 
2920 1606 2993 1679 

1 0 
2847 1606 2920 1679 

1 0 
2774 1606 2847 1679 

1 0 
2774 1533 2847 1606 

1 0 
2774 1460 2847 1533 

1 0 
3358 1825 3431 1898 

1 0 
3431 1825 3504 1898 

1 0 
3358 1752 3431 1825 

1 0 
3358 1679 3431 1752 

1 0 
3358 1606 3431 1679 

1 0 
3431 1606 3504 1679 

1 0 
3504 1606 3577 1679 

1 0 
3577 1606 3650 1679 

1 0 
3577 1533 3650 1606 

1 0 
3577 1460 3650 1533 

1 0 
3577 1387 3650 1460 

1 0 
3650 1387 3723 1460 

1 0 
3650 1460 3723 1533 

1 0 
3650 1533 3723 1606 

1 0 
3650 1606 3723 1679 

1 0 
3650 1679 3723 1752 

1 0 
3650 1752 3723 1825 

1 0 
3650 1825 3723 1898 

1 0 
3577 1825 3650 1898 

1 0 
3504 1825 3577 1898 

1 0 
2774 1168 2847 1241 

1 0 
2701 1168 2774 1241 

1 0 
2774 1095 2847 1168 

1 0 
2774 1022 2847 1095 

1 0 
2774 949 2847 1022 

1 0 
2920 949 2993 1022 

1 0 
2993 949 3066 1022 

1 0 
2701 1095 2774 1168 

1 0 
2701 1022 2774 1095 

1 0 
2701 949 2774 1022 

1 0 
2993 876 3066 949 

1 0 
2701 876 2774 949 

1 0 
2701 803 2774 876 

1 0 
2701 730 2774 803 

1 0 
2993 803 3066 876 

1 0 
2993 730 3066 803 

1 0 
2920 730 2993 803 

1 0 
2847 730 2920 803 

1 0 
2774 730 2847 803 

1 0 
3358 949 3431 1022 

1 0 
3358 876 3431 949 

1 0 
3358 803 3431 876 

1 0 
3358 730 3431 803 

1 0 
3431 730 3504 803 

1 0 
3504 730 3577 803 

1 0 
3577 730 3650 803 

1 0 
3650 730 3723 803 

1 0 
3650 803 3723 876 

1 0 
3650 876 3723 949 

1 0 
3650 949 3723 1022 

1 0 
3577 949 3650 1022 

1 0 
3504 949 3577 1022 

1 0 
3431 949 3504 1022 

1 0 
3577 1022 3650 1095 

1 0 
3577 1095 3650 1168 

1 0 
3577 1168 3650 1241 

1 0 
3650 1168 3723 1241 

1 0 
3650 1095 3723 1168 

1 0 
3650 1022 3723 1095 

1 0 
2847 949 2920 1022 

1 0 
2409 1460 2482 1533 

1 0 
2336 1460 2409 1533 

1 0 
2263 1460 2336 1533 

1 0 
2190 1460 2263 1533 

1 0 
2117 1460 2190 1533 

1 0 
2044 1460 2117 1533 

1 0 
3212 511 3285 584 

1 0 
2409 1533 2482 1606 

1 0 
2409 1606 2482 1679 

1 0 
2409 1679 2482 1752 

1 0 
2409 1752 2482 1825 

1 0 
2409 1825 2482 1898 

1 0 
2409 1898 2482 1971 

1 0 
2482 1898 2555 1971 

1 0 
2555 1898 2628 1971 

1 0 
2555 1971 2628 2044 

1 0 
2409 657 2482 730 

1 0 
2409 730 2482 803 

1 0 
2409 876 2482 949 

1 0 
2409 949 2482 1022 

1 0 
2482 657 2555 730 

1 0 
2555 657 2628 730 

1 0 
2555 584 2628 657 

1 0 
2555 511 2628 584 

1 0 
2628 511 2701 584 

1 0 
2701 511 2774 584 

1 0 
2774 511 2847 584 

1 0 
2847 511 2920 584 

1 0 
2920 511 2993 584 

1 0 
2993 511 3066 584 

1 0 
3066 511 3139 584 

1 0 
3139 511 3212 584 

1 0 
3285 511 3358 584 

1 0 
3358 511 3431 584 

1 0 
3431 511 3504 584 

1 0 
3504 511 3577 584 

1 0 
3577 511 3650 584 

1 0 
3650 511 3723 584 

1 0 
2409 803 2482 876 

1 0 
2409 1022 2482 1095 

1 0 
2336 1022 2409 1095 

1 0 
2263 1022 2336 1095 

1 0 
2190 1022 2263 1095 

1 0 
2117 1022 2190 1095 

1 0 
2044 1022 2117 1095 

1 0 
1971 1460 2044 1533 

1 0 
1898 1460 1971 1533 

1 0 
1825 1460 1898 1533 

1 0 
2555 2044 2628 2117 

1 0 
2628 2044 2701 2117 

1 0 
2701 2044 2774 2117 

1 0 
2774 2044 2847 2117 

1 0 
2847 2044 2920 2117 

1 0 
2920 2044 2993 2117 

1 0 
2993 2044 3066 2117 

1 0 
3066 2044 3139 2117 

1 0 
3139 2044 3212 2117 

1 0 
3285 2044 3358 2117 

1 0 
3212 2044 3285 2117 

1 0 
3358 2044 3431 2117 

1 0 
3431 2044 3504 2117 

1 0 
3504 2044 3577 2117 

1 0 
3577 2044 3650 2117 

1 0 
3650 2044 3723 2117 

1 0 
3723 2044 3796 2117 

1 0 
3796 2044 3869 2117 

1 0 
3796 1971 3869 2044 

1 0 
3796 1898 3869 1971 

1 0 
3869 1898 3942 1971 

1 0 
3942 1898 4015 1971 

1 0 
3942 1825 4015 1898 

1 0 
3942 1752 4015 1825 

1 0 
3942 1679 4015 1752 

1 0 
3942 1606 4015 1679 

1 0 
3942 1533 4015 1606 

1 0 
3942 1460 4015 1533 

1 0 
3942 1387 4015 1460 

1 0 
3942 1314 4015 1387 

1 0 
3942 1241 4015 1314 

1 0 
3942 1168 4015 1241 

1 0 
3942 1095 4015 1168 

1 0 
3942 1022 4015 1095 

1 0 
3942 949 4015 1022 

1 0 
3942 876 4015 949 

1 0 
3942 803 4015 876 

1 0 
3942 730 4015 803 

1 0 
3942 657 4015 730 

1 0 
3942 584 4015 657 

1 0 
3942 511 4015 584 

1 0 
3869 511 3942 584 

1 0 
3796 511 3869 584 

1 0 
3723 511 3796 584 

1 0 
1825 1022 1898 1095 

1 0 
1898 1022 1971 1095 

1 0 
1971 1022 2044 1095 

1 1 
1752 584 1825 657 

1 1 
1752 511 1825 584 

1 1 
1679 511 1752 584 

1 1 
1606 511 1679 584 

1 1 
1533 511 1606 584 

1 1 
1460 511 1533 584 

1 1 
1387 511 1460 584 

1 1 
1314 511 1387 584 

1 1 
1241 511 1314 584 

1 1 
1168 511 1241 584 

1 1 
1095 511 1168 584 

1 1 
1022 511 1095 584 

1 1 
949 511 1022 584 

1 1 
803 511 876 584 

1 1 
876 511 949 584 

1 1 
730 511 803 584 

1 1 
657 511 730 584 

1 1 
584 511 657 584 

1 1 
511 511 584 584 

1 1 
365 511 438 584 

1 1 
438 511 511 584 

1 1 
292 511 365 584 

1 1 
219 511 292 584 

1 1 
146 511 219 584 

1 1 
73 511 146 584 

1 1 
73 584 146 657 

1 1 
73 657 146 730 

1 1 
73 730 146 803 

1 1 
73 803 146 876 

1 1 
73 876 146 949 

1 1 
73 949 146 1022 

1 1 
73 1022 146 1095 

1 1 
73 1095 146 1168 

1 1 
73 1168 146 1241 

1 1 
73 1241 146 1314 

1 1 
73 1314 146 1387 

1 1 
73 1387 146 1460 

1 1 
73 1460 146 1533 

1 1 
1752 1533 1825 1606 

1 1 
1752 1606 1825 1679 

1 1 
1752 1679 1825 1752 

1 1 
1752 1752 1825 1825 

1 1 
1752 1825 1825 1898 

1 1 
1752 1898 1825 1971 

1 1 
1752 1971 1825 2044 

1 1 
1752 2044 1825 2117 

1 1 
73 1533 146 1606 

1 1 
73 1606 146 1679 

1 1 
73 1679 146 1752 

1 1 
1752 803 1825 876 

1 1 
1752 876 1825 949 

1 1 
1752 949 1825 1022 

1 1 
1752 1022 1825 1095 

1 1 
1752 1460 1825 1533 

1 1 
1679 2044 1752 2117 

1 1 
1606 2044 1679 2117 

1 1 
1533 2044 1606 2117 

1 1 
1460 2044 1533 2117 

1 1 
1387 2044 1460 2117 

1 1 
1314 2044 1387 2117 

1 1 
1241 2044 1314 2117 

1 1 
1168 2044 1241 2117 

1 1 
1095 2044 1168 2117 

1 1 
1022 2044 1095 2117 

1 1 
949 2044 1022 2117 

1 1 
876 2044 949 2117 

1 1 
803 2044 876 2117 

1 1 
730 2044 803 2117 

1 1 
657 2044 730 2117 

1 1 
584 2044 657 2117 

1 1 
511 2044 584 2117 

1 1 
438 2044 511 2117 

1 1 
365 2044 438 2117 

1 1 
292 2044 365 2117 

1 1 
219 2044 292 2117 

1 1 
146 2044 219 2117 

1 1 
73 2044 146 2117 

1 1 
73 1971 146 2044 

1 1 
73 1898 146 1971 

1 1 
73 1825 146 1898 

1 1 
73 1752 146 1825 

1 1 
1752 657 1825 730 

1 1 
1752 730 1825 803 

13 
2 1 
1679 949 1752 1022 

2 1 
1606 949 1679 1022 

2 1 
1533 949 1606 1022 

2 1 
1533 1022 1606 1095 

2 1 
1533 1095 1606 1168 

2 1 
1533 1168 1606 1241 

2 1 
1533 1241 1606 1314 

2 1 
1533 1314 1606 1387 

2 1 
1533 1387 1606 1460 

2 1 
1533 1460 1606 1533 

2 1 
1533 1533 1606 1606 

2 1 
1606 1533 1679 1606 

2 1 
1679 1533 1752 1606 

3 
4 0 
2701 1460 2774 1898 

4 1 
1752 876 1825 1314 

4 1 
1752 1022 1825 1460 

5 -1 
3139 1314 3212 1387 

