2
0.0 1037 2974 3
0.25 1277 2974 3
0.5 1545 2974 3
0.75 1804 2974 3
0.0 1037 3414 3
0.25 1277 3414 3
0.5 1545 3414 3
2.75 1804 3414 0
2.0 1037 2974 1
2.25 1277 2974 2
2.5 1545 2974 0
2.75 1804 2974 1
2.0 1037 3414 2
2.25 1277 3414 0
2.5 1545 3414 1
2.75 1804 3414 2
-1 -1 -1 -1
0.0 1037 2974 3
0.25 1277 2974 3
0.5 1545 2974 3
0.75 1804 2974 3
0.0 1037 3414 3
0.25 1277 3414 3
0.5 1545 3414 3
2.75 1804 3414 0
2.0 1037 2974 1
2.25 1277 2974 2
2.5 1545 2974 0
2.75 1804 2974 1
2.0 1037 3414 2
2.25 1277 3414 0
2.5 1545 3414 1
2.75 1804 3414 2
-1 -1 -1 -1