2
0.2 3795 3176 0
0.4 3837 3396 0
0.6 4021 3538 0
0.8 4514 3400 2
1.0 4547 3104 2
1.2 4434 2773 2
1.4 4009 2704 3
1.6 3826 2774 1 
3.2 3795 3176 3
3.4 3837 3396 3
3.6 4021 3538 3
3.8 4514 3400 2
4.0 4547 3104 2
4.2 4434 2773 2
4.4 4009 2704 0
4.6 3826 2774 0 
-1 -1 -1 -1
0.2 3795 3176 2
0.4 3837 3396 3
0.6 4021 3538 2
0.8 4514 3400 3
1.0 4547 3104 2
1.2 4434 2773 3
1.4 4009 2704 2
1.6 3826 2774 3 
3.2 3795 3176 2
3.4 3837 3396 3
3.6 4021 3538 0
3.8 4514 3400 1
4.0 4547 3104 0
4.2 4434 2773 1
4.4 4009 2704 0
4.6 3826 2774 1
-1 -1 -1 -1