521 408
535 389
548 375
-1 -1
690 354
706 375
722 408
-1 -1
497 190
477 179
474 155
480 139
504 129
520 132
532 140
577 122
617 112
668 112
697 96
710 94
722 97
734 105
739 118
737 131
725 154
718 162
721 249
736 257
743 265
749 284
745 313
722 338
690 354
614 373
579 374
548 375
513 365
499 345
497 321
505 304
497 190
-1 -1
545 194
558 194
582 183
-1 -1
591 171
595 184
-1 -1
610 182
617 187
637 186
652 182
-1 -1
547 230
556 219
565 216
581 218
587 225
-1 -1
567 225
559 240
566 279
572 286
579 281
585 270
587 253
583 236
576 226
567 225
-1 -1
622 219
629 210
646 205
662 213
-1 -1
647 217
651 223
656 236
656 263
651 274
641 274
634 249
634 224
639 218
647 217
-1 -1
602 270
601 262
605 256
619 258
622 265
621 268
615 268
613 273
608 269
602 270
-1 -1
602 270
593 272
583 283
578 307
587 315
602 310
612 300
621 306
637 303
642 297
643 283
641 274
621 268
-1 -1
570 335
575 338
574 346
569 346
566 340
570 335
-1 -1