132 408
113 379
104 354
106 329
117 305
-1 -1
275 180
290 183
328 205
344 223
356 251
355 281
-1 -1
342 282
360 291
382 307
399 328
414 351
428 375
444 410
-1 -1
110 215
96 196
88 179
83 155
91 135
110 131
127 143
141 164
154 183
-1 -1
127 143
125 121
131 105
150 99
172 111
195 141
219 132
242 133
259 147
269 165
276 182
277 207
301 213
313 227
319 243
317 269
310 289
292 312
260 338
217 360
182 363
164 357
154 341
150 327
128 314
117 305
102 280
100 254
115 222
-1 -1
163 245
169 239
177 237
-1 -1
197 223
201 218
209 215
-1 -1
190 242
190 237
198 230
206 237
228 242
231 255
218 265
205 262
198 274
188 274
181 261
182 250
190 242
-1 -1
190 242
194 241
198 245
200 239
206 237
-1 -1
198 274
207 291
213 296
222 285
222 271
218 265
-1 -1
217 327
237 328
259 316
270 301
273 288
-1 -1