592 
0 0 0 21 37 
0 438 730 511 803 1 1 
0 0 0 20 38 
0 511 730 584 803 1 1 
0 0 0 21 38 
0 511 730 584 803 1 1 
0 0 0 20 37 
0 438 803 511 876 1 1 
0 0 0 23 39 
0 803 949 876 1022 1 1 
0 0 0 23 38 
0 657 949 730 1022 1 1 
0 0 0 23 37 
0 584 1022 657 1095 1 1 
0 0 0 22 37 
0 584 730 657 803 1 1 
0 0 0 23 41 
0 803 1022 876 1095 1 1 
0 0 0 23 40 
0 511 1022 584 1095 1 1 
0 0 0 26 38 
0 438 73 511 146 1 1 
0 0 0 26 39 
0 146 584 219 657 1 1 
0 0 0 26 40 
0 146 584 219 657 1 1 
0 0 0 26 41 
0 146 584 219 657 1 1 
0 0 0 25 39 
0 657 438 730 511 1 1 
0 0 0 25 41 
0 657 438 730 511 1 1 
0 0 0 24 37 
0 730 292 803 365 1 1 
0 0 0 25 37 
0 730 292 803 365 1 1 
0 0 0 24 38 
0 730 292 803 365 1 1 
0 0 0 25 40 
0 730 292 803 365 1 1 
0 0 0 24 41 
0 730 292 803 365 1 1 
0 0 0 24 40 
0 803 219 876 292 1 1 
0 0 0 24 39 
0 803 219 876 292 1 1 
0 0 0 26 46 
0 876 73 949 146 1 1 
0 0 0 26 49 
0 876 73 949 146 1 1 
0 0 0 25 46 
0 584 365 657 438 1 1 
0 0 0 24 47 
0 584 365 657 438 1 1 
0 0 0 24 49 
0 584 365 657 438 1 1 
0 0 0 25 50 
0 584 365 657 438 1 1 
0 0 0 25 47 
0 511 438 584 511 1 1 
0 0 0 25 49 
0 511 438 584 511 1 1 
0 0 0 24 48 
0 511 438 584 511 1 1 
0 0 0 25 48 
0 803 292 876 365 1 1 
0 0 0 24 46 
0 803 292 876 365 1 1 
0 0 0 24 50 
0 803 292 876 365 1 1 
0 0 0 23 47 
0 730 803 803 876 1 1 
0 0 0 23 49 
0 730 803 803 876 1 1 
0 0 0 23 48 
0 511 949 584 1022 1 1 
0 0 0 23 50 
0 803 1022 876 1095 1 1 
0 0 0 23 46 
0 584 1022 657 1095 1 1 
0 0 0 22 50 
0 803 730 876 803 1 1 
0 0 0 21 50 
0 803 730 876 803 1 1 
0 0 0 20 50 
0 803 657 876 730 1 1 
0 0 0 20 49 
0 584 730 657 803 1 1 
0 0 0 21 49 
0 438 803 511 876 1 1 
0 0 0 16 37 
0 657 219 730 292 1 1 
0 0 0 15 37 
0 657 365 730 438 1 1 
0 0 0 15 38 
0 657 365 730 438 1 1 
0 0 0 16 38 
0 803 292 876 365 1 1 
0 0 0 14 37 
0 584 1022 657 1095 1 1 
0 0 0 14 38 
0 803 1022 876 1095 1 1 
0 0 0 14 39 
0 146 584 219 657 1 1 
0 0 0 14 40 
0 146 584 219 657 1 1 
0 0 0 14 41 
0 146 584 219 657 1 1 
0 0 0 26 48 
0 146 584 219 657 1 1 
0 0 0 26 47 
0 146 584 219 657 1 1 
0 0 0 26 50 
0 146 584 219 657 1 1 
0 0 0 13 41 
0 657 438 730 511 1 1 
0 0 0 12 41 
0 657 438 730 511 1 1 
0 0 0 13 39 
0 657 438 730 511 1 1 
0 0 0 12 40 
0 657 438 730 511 1 1 
0 0 0 13 40 
0 657 292 730 365 1 1 
0 0 0 11 41 
0 803 1022 876 1095 1 1 
0 0 0 13 38 
0 803 657 876 730 1 1 
0 0 0 12 38 
0 803 657 876 730 1 1 
0 0 0 11 39 
0 803 365 876 438 1 1 
0 0 0 11 38 
0 511 657 584 730 1 1 
0 0 0 11 40 
0 803 584 876 657 1 1 
0 0 0 12 39 
0 803 438 876 511 1 1 
0 0 0 13 37 
0 438 730 511 803 1 1 
0 0 0 12 37 
0 438 730 511 803 1 1 
0 0 0 11 37 
0 438 730 511 803 1 1 
0 0 0 16 49 
0 584 365 657 438 1 1 
0 0 0 15 49 
0 584 365 657 438 1 1 
0 0 0 15 50 
0 584 365 657 438 1 1 
0 0 0 16 50 
0 584 365 657 438 1 1 
0 0 0 14 50 
0 803 1022 876 1095 1 1 
0 0 0 14 49 
0 584 1022 657 1095 1 1 
0 0 0 13 50 
0 657 730 730 803 1 1 
0 0 0 12 50 
0 657 730 730 803 1 1 
0 0 0 11 50 
0 657 730 730 803 1 1 
0 0 0 13 49 
0 730 730 803 803 1 1 
0 0 0 12 49 
0 730 730 803 803 1 1 
0 0 0 11 49 
0 438 657 511 730 1 1 
0 0 0 14 48 
0 803 73 876 146 1 1 
0 0 0 14 46 
0 803 73 876 146 1 1 
0 0 0 14 47 
0 219 438 292 511 1 1 
0 0 0 13 46 
0 438 438 511 511 1 1 
0 0 0 12 46 
0 438 438 511 511 1 1 
0 0 0 13 48 
0 438 438 511 511 1 1 
0 0 0 13 47 
0 438 438 511 511 1 1 
0 0 0 11 47 
0 730 876 803 949 1 1 
0 0 0 11 48 
0 730 365 803 438 1 1 
0 0 0 12 47 
0 730 292 803 365 1 1 
0 0 0 11 46 
0 730 1022 803 1095 1 1 
0 0 0 15 40 
0 438 146 511 219 1 1 
0 0 0 15 41 
0 438 146 511 219 1 1 
0 0 0 15 46 
0 438 146 511 219 1 1 
0 0 0 15 47 
0 438 146 511 219 1 1 
0 0 0 27 37 
0 438 146 511 219 1 1 
0 0 0 27 38 
0 438 146 511 219 1 1 
0 0 0 27 39 
0 438 146 511 219 1 1 
0 0 0 27 40 
0 438 146 511 219 1 1 
0 0 0 27 41 
0 438 146 511 219 1 1 
0 0 0 27 46 
0 438 146 511 219 1 1 
0 0 0 27 47 
0 438 146 511 219 1 1 
0 0 0 27 48 
0 438 146 511 219 1 1 
0 0 0 27 49 
0 438 146 511 219 1 1 
0 0 0 27 50 
0 438 146 511 219 1 1 
0 0 0 17 41 
0 0 292 73 365 1 1 
0 0 0 19 44 
0 0 292 73 365 1 1 
0 0 0 22 47 
0 365 219 438 292 1 1 
0 0 0 17 40 
0 73 146 146 219 1 1 
0 0 0 16 40 
0 73 146 146 219 1 1 
0 0 0 19 46 
0 73 146 146 219 1 1 
0 0 0 21 44 
0 73 146 146 219 1 1 
0 0 0 22 44 
0 73 146 146 219 1 1 
0 0 0 21 45 
0 73 146 146 219 1 1 
0 0 0 22 45 
0 73 146 146 219 1 1 
0 0 0 19 47 
0 73 146 146 219 1 1 
0 0 0 18 47 
0 73 146 146 219 1 1 
0 0 0 18 46 
0 73 146 146 219 1 1 
0 0 0 16 39 
0 146 292 219 365 1 1 
0 0 0 17 39 
0 146 292 219 365 1 1 
0 0 0 15 39 
0 146 292 219 365 1 1 
0 0 0 17 37 
0 146 438 219 511 1 1 
0 0 0 17 38 
0 219 584 292 657 1 1 
0 0 0 18 37 
0 146 657 219 730 1 1 
0 0 0 18 38 
0 146 657 219 730 1 1 
0 0 0 19 37 
0 146 146 219 219 1 1 
0 0 0 19 38 
0 146 146 219 219 1 1 
0 0 0 18 39 
0 146 146 219 219 1 1 
0 0 0 18 40 
0 146 146 219 219 1 1 
0 0 0 16 43 
0 146 146 219 219 1 1 
0 0 0 17 43 
0 146 146 219 219 1 1 
0 0 0 17 45 
0 146 146 219 219 1 1 
0 0 0 17 46 
0 146 146 219 219 1 1 
0 0 0 16 45 
0 365 73 438 146 1 1 
0 0 0 17 44 
0 365 73 438 146 1 1 
0 0 0 16 44 
0 365 73 438 146 1 1 
0 0 0 18 45 
0 365 73 438 146 1 1 
0 0 0 18 44 
0 365 73 438 146 1 1 
0 0 0 18 43 
0 365 73 438 146 1 1 
0 0 0 19 43 
0 365 73 438 146 1 1 
0 0 0 20 43 
0 365 73 438 146 1 1 
0 0 0 20 44 
0 365 73 438 146 1 1 
0 0 0 20 45 
0 365 73 438 146 1 1 
0 0 0 19 45 
0 365 73 438 146 1 1 
0 0 0 19 42 
0 365 73 438 146 1 1 
0 0 0 19 41 
0 365 73 438 146 1 1 
0 0 0 18 41 
0 365 73 438 146 1 1 
0 0 0 18 42 
0 365 73 438 146 1 1 
0 0 0 20 41 
0 365 73 438 146 1 1 
0 0 0 21 41 
0 365 73 438 146 1 1 
0 0 0 21 43 
0 365 146 438 219 1 1 
0 0 0 21 42 
0 365 146 438 219 1 1 
0 0 0 22 42 
0 365 146 438 219 1 1 
0 0 0 22 43 
0 365 146 438 219 1 1 
0 0 0 20 39 
0 365 146 438 219 1 1 
0 0 0 21 39 
0 365 146 438 219 1 1 
0 0 0 19 39 
0 365 219 438 292 1 1 
0 0 0 21 40 
0 219 73 292 146 1 1 
0 0 0 20 40 
0 219 73 292 146 1 1 
0 0 0 17 42 
0 219 73 292 146 1 1 
0 0 0 16 42 
0 219 73 292 146 1 1 
0 0 0 16 41 
0 219 73 292 146 1 1 
0 0 0 15 42 
0 219 73 292 146 1 1 
0 0 0 15 43 
0 219 73 292 146 1 1 
0 0 0 14 43 
0 219 73 292 146 1 1 
0 0 0 13 43 
0 219 73 292 146 1 1 
0 0 0 12 43 
0 219 73 292 146 1 1 
0 0 0 12 44 
0 219 73 292 146 1 1 
0 0 0 13 44 
0 219 73 292 146 1 1 
0 0 0 14 44 
0 219 73 292 146 1 1 
0 0 0 15 44 
0 219 73 292 146 1 1 
0 0 0 15 45 
0 219 73 292 146 1 1 
0 0 0 16 46 
0 219 146 292 219 1 1 
0 0 0 16 47 
0 219 146 292 219 1 1 
0 0 0 17 47 
0 219 146 292 219 1 1 
0 0 0 20 42 
0 219 146 292 219 1 1 
0 0 0 21 47 
0 219 146 292 219 1 1 
0 0 0 22 48 
0 219 146 292 219 1 1 
0 0 0 22 46 
0 219 146 292 219 1 1 
0 0 0 21 46 
0 365 146 438 219 1 1 
0 0 0 20 46 
0 365 146 438 219 1 1 
0 0 0 20 47 
0 365 146 438 219 1 1 
0 0 0 20 48 
0 365 146 438 219 1 1 
0 0 0 21 48 
0 365 146 438 219 1 1 
0 0 0 19 48 
0 365 146 438 219 1 1 
0 0 0 18 48 
0 365 146 438 219 1 1 
0 0 0 19 50 
0 365 146 438 219 1 1 
0 0 0 19 49 
0 365 146 438 219 1 1 
0 0 0 15 48 
0 219 292 292 365 1 1 
0 0 0 16 48 
0 219 292 292 365 1 1 
0 0 0 17 48 
0 219 292 292 365 1 1 
0 0 0 17 49 
0 292 438 365 511 1 1 
0 0 0 17 50 
0 365 584 438 657 1 1 
0 0 0 18 49 
0 292 657 365 730 1 1 
0 0 0 18 50 
0 365 657 438 730 1 1 
0 0 0 11 43 
0 219 219 292 292 1 1 
0 0 0 11 44 
0 219 219 292 292 1 1 
0 0 0 10 37 
0 73 219 146 292 1 1 
0 0 0 10 38 
0 73 219 146 292 1 1 
0 0 0 10 41 
0 73 219 146 292 1 1 
0 0 0 10 42 
0 73 219 146 292 1 1 
0 0 0 10 44 
0 73 219 146 292 1 1 
0 0 0 10 46 
0 73 219 146 292 1 1 
0 0 0 10 47 
0 73 219 146 292 1 1 
0 0 0 10 49 
0 73 219 146 292 1 1 
0 0 0 10 50 
0 73 219 146 292 1 1 
0 0 0 12 36 
0 219 365 292 438 1 1 
0 0 0 13 36 
0 219 365 292 438 1 1 
0 0 0 14 36 
0 219 365 292 438 1 1 
0 0 0 15 36 
0 219 365 292 438 1 1 
0 0 0 17 36 
0 219 365 292 438 1 1 
0 0 0 27 36 
0 219 146 292 219 1 1 
0 0 0 10 36 
0 146 292 219 365 1 1 
0 0 0 18 36 
0 219 219 292 292 1 1 
0 0 0 19 36 
0 219 219 292 292 1 1 
0 0 0 23 43 
0 219 219 292 292 1 1 
0 0 0 9 36 
0 0 511 73 584 1 1 
0 0 0 9 37 
0 146 657 219 730 1 1 
0 0 0 9 38 
0 146 657 219 730 1 1 
0 0 0 9 39 
0 146 657 219 730 1 1 
0 0 0 9 40 
0 146 657 219 730 1 1 
0 0 0 9 41 
0 146 657 219 730 1 1 
0 0 0 9 42 
0 146 657 219 730 1 1 
0 0 0 9 43 
0 146 657 219 730 1 1 
0 0 0 9 44 
0 146 657 219 730 1 1 
0 0 0 9 45 
0 146 657 219 730 1 1 
0 0 0 9 46 
0 146 657 219 730 1 1 
0 0 0 10 39 
0 219 146 292 219 1 1 
0 0 0 10 40 
0 219 146 292 219 1 1 
0 0 0 10 43 
0 219 146 292 219 1 1 
0 0 0 10 45 
0 219 146 292 219 1 1 
0 0 0 9 47 
0 292 511 365 584 1 1 
0 0 0 9 48 
0 292 511 365 584 1 1 
0 0 0 9 49 
0 292 511 365 584 1 1 
0 0 0 9 50 
0 292 511 365 584 1 1 
0 0 0 10 48 
0 219 219 292 292 1 1 
0 0 0 16 36 
0 73 365 146 438 1 1 
0 0 0 11 36 
0 73 365 146 438 1 1 
0 0 0 8 36 
0 0 438 73 511 1 1 
0 0 0 8 39 
0 0 438 73 511 1 1 
0 0 0 8 40 
0 0 438 73 511 1 1 
0 0 0 8 43 
0 0 438 73 511 1 1 
0 0 0 8 45 
0 0 438 73 511 1 1 
0 0 0 8 47 
0 0 438 73 511 1 1 
0 0 0 8 48 
0 0 438 73 511 1 1 
0 0 0 8 50 
0 0 438 73 511 1 1 
0 0 0 8 37 
0 219 584 292 657 1 1 
0 0 0 8 38 
0 219 584 292 657 1 1 
0 0 0 8 41 
0 219 584 292 657 1 1 
0 0 0 8 42 
0 219 584 292 657 1 1 
0 0 0 8 44 
0 219 584 292 657 1 1 
0 0 0 8 46 
0 219 584 292 657 1 1 
0 0 0 8 49 
0 219 584 292 657 1 1 
0 0 0 11 35 
0 438 146 511 219 1 1 
0 0 0 11 34 
0 438 146 511 219 1 1 
0 0 0 10 35 
0 657 73 730 146 1 1 
0 0 0 10 34 
0 657 73 730 146 1 1 
0 0 0 19 40 
0 219 146 292 219 1 1 
0 0 0 24 35 
0 219 146 292 219 1 1 
0 0 0 17 35 
0 73 73 146 146 1 1 
0 0 0 18 35 
0 73 73 146 146 1 1 
0 0 0 19 35 
0 73 73 146 146 1 1 
0 0 0 20 35 
0 73 73 146 146 1 1 
0 0 0 21 35 
0 73 73 146 146 1 1 
0 0 0 22 35 
0 73 73 146 146 1 1 
0 0 0 23 35 
0 219 146 292 219 1 1 
0 0 0 23 34 
0 219 146 292 219 1 1 
0 0 0 22 34 
0 219 146 292 219 1 1 
0 0 0 16 35 
0 219 219 292 292 1 1 
0 0 0 16 34 
0 219 219 292 292 1 1 
0 0 0 17 34 
0 219 219 292 292 1 1 
0 0 0 18 34 
0 219 219 292 292 1 1 
0 0 0 19 34 
0 219 219 292 292 1 1 
0 0 0 20 34 
0 219 219 292 292 1 1 
0 0 0 21 34 
0 219 219 292 292 1 1 
0 0 0 24 34 
0 219 219 292 292 1 1 
0 0 0 25 34 
0 219 219 292 292 1 1 
0 0 0 25 35 
0 219 219 292 292 1 1 
0 0 0 26 35 
0 219 219 292 292 1 1 
0 0 0 26 34 
0 219 219 292 292 1 1 
0 0 0 25 38 
0 730 292 803 365 1 1 
0 0 0 26 37 
0 730 73 803 146 1 1 
0 0 0 22 39 
0 219 146 292 219 1 1 
0 0 0 22 40 
0 219 146 292 219 1 1 
0 0 0 23 44 
0 219 146 292 219 1 1 
0 0 0 24 44 
0 219 146 292 219 1 1 
0 0 0 24 43 
0 219 146 292 219 1 1 
0 0 0 25 43 
0 219 146 292 219 1 1 
0 0 0 25 44 
0 219 146 292 219 1 1 
0 0 0 26 43 
0 219 146 292 219 1 1 
0 0 0 27 42 
0 219 146 292 219 1 1 
0 0 0 27 43 
0 219 146 292 219 1 1 
0 0 0 27 44 
0 219 146 292 219 1 1 
0 0 0 26 44 
0 219 146 292 219 1 1 
0 0 0 27 45 
0 219 146 292 219 1 1 
0 0 0 26 42 
0 146 365 219 438 1 1 
0 0 0 25 42 
0 146 365 219 438 1 1 
0 0 0 24 42 
0 146 365 219 438 1 1 
0 0 0 23 42 
0 146 365 219 438 1 1 
0 0 0 23 45 
0 219 365 292 438 1 1 
0 0 0 24 45 
0 219 365 292 438 1 1 
0 0 0 25 45 
0 219 365 292 438 1 1 
0 0 0 26 45 
0 219 365 292 438 1 1 
0 0 0 12 35 
0 219 219 292 292 1 1 
0 0 0 13 35 
0 219 219 292 292 1 1 
0 0 0 12 34 
0 219 219 292 292 1 1 
0 0 0 13 34 
0 219 219 292 292 1 1 
0 0 0 14 34 
0 219 219 292 292 1 1 
0 0 0 14 35 
0 219 219 292 292 1 1 
0 0 0 15 35 
0 219 219 292 292 1 1 
0 0 0 15 34 
0 219 219 292 292 1 1 
0 0 0 8 34 
0 584 365 657 438 1 1 
0 0 0 8 35 
0 657 438 730 511 1 1 
0 0 0 9 35 
0 657 438 730 511 1 1 
0 0 0 9 34 
0 511 438 584 511 1 1 
0 0 0 15 33 
0 365 438 438 511 1 1 
0 0 0 15 32 
0 365 438 438 511 1 1 
0 0 0 15 31 
0 365 438 438 511 1 1 
0 0 0 15 30 
0 365 438 438 511 1 1 
0 0 0 15 29 
0 365 438 438 511 1 1 
0 0 0 15 28 
0 365 438 438 511 1 1 
0 0 0 16 33 
0 438 146 511 219 1 1 
0 0 0 16 32 
0 438 146 511 219 1 1 
0 0 0 16 31 
0 438 146 511 219 1 1 
0 0 0 16 30 
0 438 146 511 219 1 1 
0 0 0 16 29 
0 438 146 511 219 1 1 
0 0 0 16 28 
0 438 146 511 219 1 1 
0 0 0 17 32 
0 219 73 292 146 1 1 
0 0 0 17 31 
0 219 73 292 146 1 1 
0 0 0 17 30 
0 219 73 292 146 1 1 
0 0 0 18 33 
0 219 73 292 146 1 1 
0 0 0 18 31 
0 219 73 292 146 1 1 
0 0 0 18 30 
0 219 73 292 146 1 1 
0 0 0 18 28 
0 219 73 292 146 1 1 
0 0 0 21 33 
0 511 730 584 803 1 1 
0 0 0 22 33 
0 511 730 584 803 1 1 
0 0 0 24 33 
0 511 730 584 803 1 1 
0 0 0 25 33 
0 511 803 584 876 1 1 
0 0 0 23 33 
0 511 803 584 876 1 1 
0 0 0 26 33 
0 657 876 730 949 1 1 
0 0 0 12 33 
0 657 1022 730 1095 1 1 
0 0 0 11 33 
0 511 730 584 803 1 1 
0 0 0 10 33 
0 511 730 584 803 1 1 
0 0 0 9 33 
0 511 730 584 803 1 1 
0 0 0 8 33 
0 511 730 584 803 1 1 
0 0 0 7 34 
0 511 1022 584 1095 1 1 
0 0 0 7 33 
0 511 657 584 730 1 1 
0 0 0 14 33 
0 876 0 949 73 1 1 
0 0 0 13 32 
0 876 0 949 73 1 1 
0 0 0 13 31 
0 876 0 949 73 1 1 
0 0 0 13 29 
0 876 0 949 73 1 1 
0 0 0 14 29 
0 876 0 949 73 1 1 
0 0 0 14 28 
0 876 0 949 73 1 1 
0 0 0 13 33 
0 730 0 803 73 1 1 
0 0 0 14 32 
0 730 0 803 73 1 1 
0 0 0 14 31 
0 730 0 803 73 1 1 
0 0 0 14 30 
0 730 0 803 73 1 1 
0 0 0 13 30 
0 730 0 803 73 1 1 
0 0 0 13 28 
0 730 0 803 73 1 1 
0 0 0 12 32 
0 584 949 657 1022 1 1 
0 0 0 12 31 
0 584 949 657 1022 1 1 
0 0 0 12 29 
0 584 949 657 1022 1 1 
0 0 0 12 30 
0 511 1022 584 1095 1 1 
0 0 0 12 28 
0 511 1022 584 1095 1 1 
0 0 0 20 33 
0 146 146 219 219 1 1 
0 0 0 19 33 
0 146 146 219 219 1 1 
0 0 0 20 30 
0 146 146 219 219 1 1 
0 0 0 19 30 
0 146 146 219 219 1 1 
0 0 0 20 29 
0 146 146 219 219 1 1 
0 0 0 20 28 
0 146 146 219 219 1 1 
0 0 0 20 31 
0 146 146 219 219 1 1 
0 0 0 19 32 
0 146 146 219 219 1 1 
0 0 0 19 28 
0 73 219 146 292 1 1 
0 0 0 19 29 
0 73 219 146 292 1 1 
0 0 0 18 29 
0 73 219 146 292 1 1 
0 0 0 19 31 
0 73 219 146 292 1 1 
0 0 0 17 29 
0 73 219 146 292 1 1 
0 0 0 17 33 
0 73 219 146 292 1 1 
0 0 0 20 32 
0 73 219 146 292 1 1 
0 0 0 17 28 
0 365 219 438 292 1 1 
0 0 0 18 32 
0 73 73 146 146 1 1 
0 0 0 12 48 
0 730 219 803 292 1 1 
0 0 0 7 36 
0 876 0 949 73 1 1 
0 0 0 7 39 
0 876 0 949 73 1 1 
0 0 0 7 43 
0 876 0 949 73 1 1 
0 0 0 7 40 
0 876 0 949 73 1 1 
0 0 0 7 48 
0 876 0 949 73 1 1 
0 0 0 7 50 
0 876 0 949 73 1 1 
0 0 0 7 37 
0 511 219 584 292 1 1 
0 0 0 7 38 
0 511 219 584 292 1 1 
0 0 0 7 41 
0 511 219 584 292 1 1 
0 0 0 7 42 
0 511 219 584 292 1 1 
0 0 0 7 45 
0 803 219 876 292 1 1 
0 0 0 7 47 
0 803 219 876 292 1 1 
0 0 0 6 36 
0 803 219 876 292 1 1 
0 0 0 6 37 
0 803 219 876 292 1 1 
0 0 0 6 41 
0 803 219 876 292 1 1 
0 0 0 6 44 
0 803 219 876 292 1 1 
0 0 0 6 48 
0 803 219 876 292 1 1 
0 0 0 6 50 
0 803 219 876 292 1 1 
0 0 0 6 46 
0 803 219 876 292 1 1 
0 0 0 6 38 
0 584 219 657 292 1 1 
0 0 0 6 42 
0 584 219 657 292 1 1 
0 0 0 6 45 
0 584 219 657 292 1 1 
0 0 0 6 47 
0 584 219 657 292 1 1 
0 0 0 6 49 
0 584 219 657 292 1 1 
0 0 0 6 40 
0 584 438 657 511 1 1 
0 0 0 6 39 
0 584 438 657 511 1 1 
0 0 0 6 43 
0 584 438 657 511 1 1 
0 0 0 5 36 
0 511 949 584 1022 1 1 
0 0 0 5 38 
0 511 949 584 1022 1 1 
0 0 0 5 40 
0 511 949 584 1022 1 1 
0 0 0 5 43 
0 511 949 584 1022 1 1 
0 0 0 5 45 
0 511 949 584 1022 1 1 
0 0 0 5 48 
0 511 949 584 1022 1 1 
0 0 0 5 50 
0 511 949 584 1022 1 1 
0 0 0 5 37 
0 438 949 511 1022 1 1 
0 0 0 5 39 
0 438 949 511 1022 1 1 
0 0 0 5 41 
0 438 949 511 1022 1 1 
0 0 0 5 42 
0 438 949 511 1022 1 1 
0 0 0 5 44 
0 438 949 511 1022 1 1 
0 0 0 5 46 
0 438 949 511 1022 1 1 
0 0 0 5 47 
0 438 949 511 1022 1 1 
0 0 0 5 49 
0 438 949 511 1022 1 1 
0 0 0 7 35 
0 657 1022 730 1095 1 1 
0 0 0 6 35 
0 511 730 584 803 1 1 
0 0 0 5 35 
0 511 657 584 730 1 1 
0 0 0 15 27 
0 949 73 1022 146 1 1 
0 0 0 15 26 
0 949 73 1022 146 1 1 
0 0 0 15 25 
0 949 73 1022 146 1 1 
0 0 0 15 24 
0 584 73 657 146 1 1 
0 0 0 16 27 
0 803 146 876 219 1 1 
0 0 0 16 26 
0 803 146 876 219 1 1 
0 0 0 16 25 
0 803 146 876 219 1 1 
0 0 0 16 24 
0 803 146 876 219 1 1 
0 0 0 13 26 
0 511 292 584 365 1 1 
0 0 0 13 27 
0 511 292 584 365 1 1 
0 0 0 13 25 
0 511 292 584 365 1 1 
0 0 0 13 24 
0 511 292 584 365 1 1 
0 0 0 14 24 
0 584 365 657 438 1 1 
0 0 0 14 25 
0 584 365 657 438 1 1 
0 0 0 14 27 
0 584 365 657 438 1 1 
0 0 0 14 26 
0 584 365 657 438 1 1 
0 0 0 12 27 
0 438 1022 511 1095 1 1 
0 0 0 12 24 
0 438 1022 511 1095 1 1 
0 0 0 12 25 
0 438 1022 511 1095 1 1 
0 0 0 12 26 
0 803 949 876 1022 1 1 
0 0 0 17 27 
0 146 219 219 292 1 1 
0 0 0 17 25 
0 146 219 219 292 1 1 
0 0 0 17 24 
0 146 219 219 292 1 1 
0 0 0 17 26 
0 146 219 219 292 1 1 
0 0 0 18 25 
0 146 219 219 292 1 1 
0 0 0 18 24 
0 146 219 219 292 1 1 
0 0 0 19 25 
0 146 219 219 292 1 1 
0 0 0 19 26 
0 146 219 219 292 1 1 
0 0 0 18 26 
0 146 219 219 292 1 1 
0 0 0 18 27 
0 146 219 219 292 1 1 
0 0 0 19 27 
0 146 219 219 292 1 1 
0 0 0 20 27 
0 146 219 219 292 1 1 
0 0 0 20 26 
0 146 219 219 292 1 1 
0 0 0 20 25 
0 146 219 219 292 1 1 
0 0 0 20 24 
0 146 219 219 292 1 1 
0 0 0 19 24 
0 146 219 219 292 1 1 
0 0 0 28 36 
0 73 0 146 73 1 1 
0 0 0 28 37 
0 73 0 146 73 1 1 
0 0 0 28 38 
0 73 0 146 73 1 1 
0 0 0 28 39 
0 73 0 146 73 1 1 
0 0 0 28 40 
0 73 0 146 73 1 1 
0 0 0 28 41 
0 73 0 146 73 1 1 
0 0 0 28 43 
0 73 0 146 73 1 1 
0 0 0 28 42 
0 73 0 146 73 1 1 
0 0 0 28 44 
0 73 0 146 73 1 1 
0 0 0 28 45 
0 73 0 146 73 1 1 
0 0 0 28 46 
0 73 0 146 73 1 1 
0 0 0 28 47 
0 73 0 146 73 1 1 
0 0 0 28 48 
0 73 0 146 73 1 1 
0 0 0 28 49 
0 73 0 146 73 1 1 
0 0 0 28 50 
0 73 0 146 73 1 1 
0 0 0 20 51 
0 146 292 219 365 1 1 
0 0 0 21 51 
0 146 292 219 365 1 1 
0 0 0 22 51 
0 146 292 219 365 1 1 
0 0 0 24 51 
0 146 292 219 365 1 1 
0 0 0 26 51 
0 146 292 219 365 1 1 
0 0 0 23 51 
0 146 292 219 365 1 1 
0 0 0 25 51 
0 146 292 219 365 1 1 
0 0 0 20 36 
0 365 365 438 438 1 1 
0 0 0 21 36 
0 365 365 438 438 1 1 
0 0 0 22 36 
0 365 365 438 438 1 1 
0 0 0 23 36 
0 365 365 438 438 1 1 
0 0 0 24 36 
0 365 365 438 438 1 1 
0 0 0 25 36 
0 365 365 438 438 1 1 
0 0 0 26 36 
0 365 365 438 438 1 1 
0 0 0 11 45 
0 365 365 438 438 1 1 
0 0 0 12 45 
0 365 365 438 438 1 1 
0 0 0 13 45 
0 365 365 438 438 1 1 
0 0 0 14 45 
0 365 365 438 438 1 1 
0 0 0 11 42 
0 292 365 365 438 1 1 
0 0 0 12 42 
0 292 365 365 438 1 1 
0 0 0 13 42 
0 292 365 365 438 1 1 
0 0 0 14 42 
0 292 365 365 438 1 1 
0 0 0 19 51 
0 292 365 365 438 1 1 
0 0 0 27 51 
0 219 146 292 219 1 1 
0 0 0 28 51 
0 219 146 292 219 1 1 
0 0 0 26 52 
0 219 146 292 219 1 1 
0 0 0 26 53 
0 219 146 292 219 1 1 
0 0 0 25 52 
0 219 146 292 219 1 1 
0 0 0 24 52 
0 219 146 292 219 1 1 
0 0 0 24 53 
0 219 146 292 219 1 1 
0 0 0 23 53 
0 219 146 292 219 1 1 
0 0 0 22 52 
0 219 146 292 219 1 1 
0 0 0 22 53 
0 219 146 292 219 1 1 
0 0 0 21 53 
0 219 146 292 219 1 1 
0 0 0 20 52 
0 219 146 292 219 1 1 
0 0 0 19 53 
0 219 146 292 219 1 1 
0 0 0 19 52 
0 219 146 292 219 1 1 
0 0 0 21 52 
0 0 219 73 292 1 1 
0 0 0 20 53 
0 0 219 73 292 1 1 
0 0 0 23 52 
0 0 219 73 292 1 1 
0 0 0 25 53 
0 0 219 73 292 1 1 
0 0 0 25 54 
0 438 803 511 876 1 1 
0 0 0 24 54 
0 438 803 511 876 1 1 
0 0 0 22 54 
0 438 803 511 876 1 1 
0 0 0 20 54 
0 438 803 511 876 1 1 
0 0 0 19 54 
0 438 803 511 876 1 1 
0 0 0 26 54 
0 584 876 657 949 1 1 
0 0 0 21 54 
0 438 730 511 803 1 1 
0 0 0 23 54 
0 438 730 511 803 1 1 
0 0 0 18 51 
0 219 219 292 292 1 1 
0 0 0 18 52 
0 219 219 292 292 1 1 
0 0 0 18 53 
0 219 219 292 292 1 1 
0 0 0 15 53 
0 219 219 292 292 1 1 
0 0 0 15 52 
0 219 219 292 292 1 1 
0 0 0 15 51 
0 219 219 292 292 1 1 
0 0 0 16 51 
0 219 219 292 292 1 1 
0 0 0 17 51 
0 219 219 292 292 1 1 
0 0 0 17 52 
0 219 219 292 292 1 1 
0 0 0 13 53 
0 219 219 292 292 1 1 
0 0 0 12 52 
0 219 219 292 292 1 1 
0 0 0 11 51 
0 219 219 292 292 1 1 
0 0 0 10 52 
0 219 219 292 292 1 1 
0 0 0 14 51 
0 219 219 292 292 1 1 
0 0 0 13 52 
0 219 219 292 292 1 1 
0 0 0 13 51 
0 0 146 73 219 1 1 
0 0 0 12 51 
0 0 146 73 219 1 1 
0 0 0 10 51 
0 0 146 73 219 1 1 
0 0 0 10 53 
0 0 146 73 219 1 1 
0 0 0 11 53 
0 0 146 73 219 1 1 
0 0 0 11 52 
0 0 146 73 219 1 1 
0 0 0 12 53 
0 0 146 73 219 1 1 
0 0 0 14 52 
0 0 146 73 219 1 1 
0 0 0 14 53 
0 0 146 73 219 1 1 
0 0 0 16 52 
0 0 146 73 219 1 1 
0 0 0 17 53 
0 0 146 73 219 1 1 
0 0 0 16 53 
0 0 146 73 219 1 1 
0 0 0 22 38 
0 657 876 730 949 1 1 
0 0 0 22 49 
0 584 876 657 949 1 1 
0 0 0 5 51 
0 730 803 803 876 1 1 
0 0 0 5 52 
0 730 803 803 876 1 1 
0 0 0 5 53 
0 730 803 803 876 1 1 
0 0 0 6 51 
0 584 438 657 511 1 1 
0 0 0 7 52 
0 584 438 657 511 1 1 
0 0 0 7 53 
0 584 438 657 511 1 1 
0 0 0 7 51 
0 803 219 876 292 1 1 
0 0 0 6 52 
0 803 219 876 292 1 1 
0 0 0 6 53 
0 803 219 876 292 1 1 
0 0 0 8 51 
0 584 73 657 146 1 1 
0 0 0 8 53 
0 584 73 657 146 1 1 
0 0 0 9 53 
0 584 146 657 219 1 1 
0 0 0 9 52 
0 584 146 657 219 1 1 
0 0 0 9 51 
0 584 146 657 219 1 1 
0 0 0 8 52 
0 292 438 365 511 1 1 
0 0 0 7 44 
0 438 219 511 292 1 1 
0 0 0 7 46 
0 438 219 511 292 1 1 
0 0 0 7 49 
0 438 219 511 292 1 1 
0 0 0 15 54 
0 438 803 511 876 1 1 
0 0 0 13 54 
0 438 803 511 876 1 1 
0 0 0 11 54 
0 438 803 511 876 1 1 
0 0 0 9 54 
0 438 803 511 876 1 1 
0 0 0 8 54 
0 438 803 511 876 1 1 
0 0 0 7 54 
0 438 803 511 876 1 1 
0 0 0 6 54 
0 438 803 511 876 1 1 
0 0 0 10 54 
0 438 730 511 803 1 1 
0 0 0 12 54 
0 438 730 511 803 1 1 
0 0 0 14 54 
0 438 730 511 803 1 1 
0 0 0 16 54 
0 438 730 511 803 1 1 
0 0 0 17 54 
0 438 730 511 803 1 1 
0 0 0 18 54 
0 438 730 511 803 1 1 
0 0 0 5 54 
0 438 657 511 730 1 1 
54 
0 0 1 20 33 
0 511 584 584 657 1 1 
0 0 1 20 32 
0 584 511 657 584 1 1 
0 0 1 20 29 
0 584 511 657 584 1 1 
0 0 1 20 27 
0 584 511 657 584 1 1 
0 0 1 20 25 
0 584 511 657 584 1 1 
0 0 1 20 31 
0 584 511 657 584 1 1 
0 0 1 20 30 
0 584 511 657 584 1 1 
0 0 1 20 24 
0 584 511 657 584 1 1 
0 0 1 20 26 
0 803 511 876 584 1 1 
0 0 1 20 28 
0 803 511 876 584 1 1 
0 0 1 26 34 
0 438 511 511 584 1 1 
0 0 1 26 35 
0 511 584 584 657 1 1 
0 0 1 27 35 
0 657 657 730 730 1 1 
0 0 1 10 37 
0 438 584 511 657 1 1 
0 0 1 10 46 
0 438 584 511 657 1 1 
0 0 1 19 37 
0 438 584 511 657 1 1 
0 0 1 19 49 
0 438 584 511 657 1 1 
0 0 1 10 50 
0 657 584 730 657 1 1 
0 0 1 19 50 
0 657 584 730 657 1 1 
0 0 1 19 38 
0 657 584 730 657 1 1 
0 0 1 10 41 
0 657 584 730 657 1 1 
0 0 1 10 38 
0 657 511 730 584 1 1 
0 0 1 10 39 
0 657 511 730 584 1 1 
0 0 1 10 49 
0 657 511 730 584 1 1 
0 0 1 10 47 
0 657 511 730 584 1 1 
0 0 1 10 40 
0 730 511 803 584 1 1 
0 0 1 10 48 
0 730 511 803 584 1 1 
0 0 1 28 35 
0 657 876 730 949 1 1 
0 0 1 28 36 
0 584 511 657 584 1 1 
0 0 1 28 37 
0 584 511 657 584 1 1 
0 0 1 28 41 
0 584 511 657 584 1 1 
0 0 1 28 44 
0 584 511 657 584 1 1 
0 0 1 28 46 
0 584 511 657 584 1 1 
0 0 1 28 49 
0 584 511 657 584 1 1 
0 0 1 28 47 
0 584 511 657 584 1 1 
0 0 1 28 38 
0 511 511 584 584 1 1 
0 0 1 28 40 
0 511 511 584 584 1 1 
0 0 1 28 43 
0 511 511 584 584 1 1 
0 0 1 28 42 
0 511 511 584 584 1 1 
0 0 1 28 48 
0 511 511 584 584 1 1 
0 0 1 28 50 
0 511 511 584 584 1 1 
0 0 1 28 39 
0 511 511 584 584 1 1 
0 0 1 28 45 
0 730 511 803 584 1 1 
0 0 1 28 51 
0 803 511 876 584 1 1 
0 0 1 28 52 
0 584 876 657 949 1 1 
0 0 1 27 52 
0 584 730 657 803 1 1 
0 0 1 26 52 
0 438 584 511 657 1 1 
0 0 1 26 53 
0 584 511 657 584 1 1 
0 0 1 22 39 
0 657 511 730 584 1 1 
0 0 1 22 40 
0 657 511 730 584 1 1 
0 0 1 22 47 
0 657 511 730 584 1 1 
0 0 1 22 48 
0 657 511 730 584 1 1 
0 0 1 22 41 
0 657 584 730 657 1 1 
0 0 1 22 46 
0 584 584 657 657 1 1 
0 
177 
1 0 0 20 37 
1 0 0 20 38 
1 0 0 21 37 
1 0 0 22 37 
1 0 0 23 37 
1 0 0 24 37 
1 0 0 25 37 
1 0 0 26 37 
1 0 0 26 38 
1 0 0 26 39 
1 0 0 26 40 
1 0 0 26 41 
1 0 0 25 41 
1 0 0 24 41 
1 0 0 23 41 
1 0 0 23 40 
1 0 0 23 39 
1 0 0 23 38 
1 0 0 22 38 
1 0 0 21 38 
1 0 0 26 46 
1 0 0 26 47 
1 0 0 25 46 
1 0 0 24 46 
1 0 0 23 46 
1 0 0 23 47 
1 0 0 23 48 
1 0 0 23 49 
1 0 0 22 49 
1 0 0 21 49 
1 0 0 20 49 
1 0 0 20 50 
1 0 0 21 50 
1 0 0 22 50 
1 0 0 23 50 
1 0 0 24 50 
1 0 0 25 50 
1 0 0 26 50 
1 0 0 26 49 
1 0 0 26 48 
1 0 0 17 38 
1 0 0 17 37 
1 0 0 16 38 
1 0 0 15 38 
1 0 0 14 38 
1 0 0 14 40 
1 0 0 14 41 
1 0 0 16 37 
1 0 0 15 37 
1 0 0 14 37 
1 0 0 13 41 
1 0 0 13 37 
1 0 0 12 37 
1 0 0 11 37 
1 0 0 12 41 
1 0 0 11 41 
1 0 0 11 40 
1 0 0 11 39 
1 0 0 11 38 
1 0 0 14 46 
1 0 0 13 46 
1 0 0 12 46 
1 0 0 11 46 
1 0 0 11 47 
1 0 0 11 48 
1 0 0 11 49 
1 0 0 11 50 
1 0 0 12 50 
1 0 0 13 50 
1 0 0 14 50 
1 0 0 14 49 
1 0 0 14 48 
1 0 0 14 47 
1 0 0 15 49 
1 0 0 16 49 
1 0 0 17 49 
1 0 0 17 50 
1 0 0 16 50 
1 0 0 15 50 
1 0 0 14 39 
1 0 0 21 33 
1 0 0 21 32 
1 0 0 21 31 
1 0 0 21 30 
1 0 0 21 29 
1 0 0 21 28 
1 0 0 8 44 
1 0 0 22 33 
1 0 0 23 33 
1 0 0 24 33 
1 0 0 25 33 
1 0 0 26 33 
1 0 0 27 33 
1 0 0 27 34 
1 0 0 27 35 
1 0 0 28 35 
1 0 0 10 33 
1 0 0 11 33 
1 0 0 13 33 
1 0 0 14 33 
1 0 0 10 34 
1 0 0 10 35 
1 0 0 9 35 
1 0 0 8 35 
1 0 0 8 36 
1 0 0 8 37 
1 0 0 8 38 
1 0 0 8 39 
1 0 0 8 40 
1 0 0 8 41 
1 0 0 8 42 
1 0 0 8 43 
1 0 0 8 45 
1 0 0 8 46 
1 0 0 8 47 
1 0 0 8 48 
1 0 0 8 49 
1 0 0 8 50 
1 0 0 12 33 
1 0 0 15 33 
1 0 0 15 32 
1 0 0 15 31 
1 0 0 15 30 
1 0 0 15 29 
1 0 0 15 28 
1 0 0 21 27 
1 0 0 21 26 
1 0 0 21 25 
1 0 0 21 24 
1 0 0 29 35 
1 0 0 29 36 
1 0 0 29 37 
1 0 0 29 38 
1 0 0 29 39 
1 0 0 29 40 
1 0 0 29 41 
1 0 0 29 42 
1 0 0 29 43 
1 0 0 29 45 
1 0 0 29 44 
1 0 0 29 46 
1 0 0 29 47 
1 0 0 29 48 
1 0 0 29 49 
1 0 0 29 50 
1 0 0 29 51 
1 0 0 29 52 
1 0 0 28 52 
1 0 0 27 52 
1 0 0 27 53 
1 0 0 27 54 
1 0 0 26 54 
1 0 0 25 54 
1 0 0 24 54 
1 0 0 23 54 
1 0 0 22 54 
1 0 0 21 54 
1 0 0 20 54 
1 0 0 19 54 
1 0 0 18 54 
1 0 0 17 54 
1 0 0 16 54 
1 0 0 15 54 
1 0 0 14 54 
1 0 0 13 54 
1 0 0 12 54 
1 0 0 11 54 
1 0 0 10 54 
1 0 0 9 54 
1 0 0 8 54 
1 0 0 8 53 
1 0 0 8 52 
1 0 0 8 51 
1 0 0 15 24 
1 0 0 15 25 
1 0 0 15 26 
1 0 0 15 27 
13 
2 1 0 14 23 
2 1 0 14 22 
2 1 0 14 21 
2 1 0 15 21 
2 1 0 16 21 
2 1 0 17 21 
2 1 0 18 21 
2 1 0 19 21 
2 1 0 20 21 
2 1 0 21 21 
2 1 0 22 21 
2 1 0 22 22 
2 1 0 22 23 
1 
4 1 0 13 24 
1 6 
5 -1 0 18 43 
