1519 
0 0 0 18 38 
0 438 730 511 803 1 1 
0 0 0 17 39 
0 511 730 584 803 1 1 
0 0 0 18 39 
0 511 730 584 803 1 1 
0 0 0 17 38 
0 438 803 511 876 1 1 
0 0 0 20 40 
0 803 949 876 1022 1 1 
0 0 0 20 39 
0 657 949 730 1022 1 1 
0 0 0 20 38 
0 584 1022 657 1095 1 1 
0 0 0 19 38 
0 584 730 657 803 1 1 
0 0 0 20 42 
0 803 1022 876 1095 1 1 
0 0 0 20 41 
0 511 1022 584 1095 1 1 
0 0 0 23 39 
0 438 73 511 146 1 1 
0 0 0 23 40 
0 146 584 219 657 1 1 
0 0 0 23 41 
0 146 584 219 657 1 1 
0 0 0 23 42 
0 146 584 219 657 1 1 
0 0 0 22 40 
0 657 438 730 511 1 1 
0 0 0 22 42 
0 657 438 730 511 1 1 
0 0 0 21 38 
0 730 292 803 365 1 1 
0 0 0 22 38 
0 730 292 803 365 1 1 
0 0 0 21 39 
0 730 292 803 365 1 1 
0 0 0 22 41 
0 730 292 803 365 1 1 
0 0 0 21 42 
0 730 292 803 365 1 1 
0 0 0 21 41 
0 803 219 876 292 1 1 
0 0 0 21 40 
0 803 219 876 292 1 1 
0 0 0 23 47 
0 876 73 949 146 1 1 
0 0 0 23 50 
0 876 73 949 146 1 1 
0 0 0 22 47 
0 584 365 657 438 1 1 
0 0 0 21 48 
0 584 365 657 438 1 1 
0 0 0 21 50 
0 584 365 657 438 1 1 
0 0 0 22 51 
0 584 365 657 438 1 1 
0 0 0 22 48 
0 511 438 584 511 1 1 
0 0 0 22 50 
0 511 438 584 511 1 1 
0 0 0 21 49 
0 511 438 584 511 1 1 
0 0 0 22 49 
0 803 292 876 365 1 1 
0 0 0 21 47 
0 803 292 876 365 1 1 
0 0 0 21 51 
0 803 292 876 365 1 1 
0 0 0 20 48 
0 730 803 803 876 1 1 
0 0 0 20 50 
0 730 803 803 876 1 1 
0 0 0 20 49 
0 511 949 584 1022 1 1 
0 0 0 20 51 
0 803 1022 876 1095 1 1 
0 0 0 20 47 
0 584 1022 657 1095 1 1 
0 0 0 19 51 
0 803 730 876 803 1 1 
0 0 0 18 51 
0 803 730 876 803 1 1 
0 0 0 17 51 
0 803 657 876 730 1 1 
0 0 0 17 50 
0 584 730 657 803 1 1 
0 0 0 18 50 
0 438 803 511 876 1 1 
0 0 0 13 38 
0 657 219 730 292 1 1 
0 0 0 12 38 
0 657 365 730 438 1 1 
0 0 0 12 39 
0 657 365 730 438 1 1 
0 0 0 13 39 
0 803 292 876 365 1 1 
0 0 0 11 38 
0 584 1022 657 1095 1 1 
0 0 0 11 39 
0 803 1022 876 1095 1 1 
0 0 0 11 40 
0 146 584 219 657 1 1 
0 0 0 11 41 
0 146 584 219 657 1 1 
0 0 0 11 42 
0 146 584 219 657 1 1 
0 0 0 23 49 
0 146 584 219 657 1 1 
0 0 0 23 48 
0 146 584 219 657 1 1 
0 0 0 23 51 
0 146 584 219 657 1 1 
0 0 0 10 42 
0 657 438 730 511 1 1 
0 0 0 9 42 
0 657 438 730 511 1 1 
0 0 0 10 40 
0 657 438 730 511 1 1 
0 0 0 9 41 
0 657 438 730 511 1 1 
0 0 0 10 41 
0 657 292 730 365 1 1 
0 0 0 8 42 
0 803 1022 876 1095 1 1 
0 0 0 10 39 
0 803 657 876 730 1 1 
0 0 0 9 39 
0 803 657 876 730 1 1 
0 0 0 8 40 
0 803 365 876 438 1 1 
0 0 0 8 39 
0 511 657 584 730 1 1 
0 0 0 8 41 
0 803 584 876 657 1 1 
0 0 0 9 40 
0 803 438 876 511 1 1 
0 0 0 10 38 
0 438 730 511 803 1 1 
0 0 0 9 38 
0 438 730 511 803 1 1 
0 0 0 8 38 
0 438 730 511 803 1 1 
0 0 0 13 50 
0 584 365 657 438 1 1 
0 0 0 12 50 
0 584 365 657 438 1 1 
0 0 0 12 51 
0 584 365 657 438 1 1 
0 0 0 13 51 
0 584 365 657 438 1 1 
0 0 0 11 51 
0 803 1022 876 1095 1 1 
0 0 0 11 50 
0 584 1022 657 1095 1 1 
0 0 0 10 51 
0 657 730 730 803 1 1 
0 0 0 9 51 
0 657 730 730 803 1 1 
0 0 0 8 51 
0 657 730 730 803 1 1 
0 0 0 10 50 
0 730 730 803 803 1 1 
0 0 0 9 50 
0 730 730 803 803 1 1 
0 0 0 8 50 
0 438 657 511 730 1 1 
0 0 0 11 49 
0 803 73 876 146 1 1 
0 0 0 11 47 
0 803 73 876 146 1 1 
0 0 0 11 48 
0 219 438 292 511 1 1 
0 0 0 10 47 
0 438 438 511 511 1 1 
0 0 0 9 47 
0 438 438 511 511 1 1 
0 0 0 10 49 
0 438 438 511 511 1 1 
0 0 0 10 48 
0 438 438 511 511 1 1 
0 0 0 8 48 
0 730 876 803 949 1 1 
0 0 0 8 49 
0 730 365 803 438 1 1 
0 0 0 9 48 
0 730 292 803 365 1 1 
0 0 0 8 47 
0 730 1022 803 1095 1 1 
0 0 0 12 41 
0 438 146 511 219 1 1 
0 0 0 12 42 
0 438 146 511 219 1 1 
0 0 0 12 47 
0 438 146 511 219 1 1 
0 0 0 12 48 
0 438 146 511 219 1 1 
0 0 0 24 38 
0 438 146 511 219 1 1 
0 0 0 24 39 
0 438 146 511 219 1 1 
0 0 0 24 40 
0 438 146 511 219 1 1 
0 0 0 24 41 
0 438 146 511 219 1 1 
0 0 0 24 42 
0 438 146 511 219 1 1 
0 0 0 24 47 
0 438 146 511 219 1 1 
0 0 0 24 48 
0 438 146 511 219 1 1 
0 0 0 24 49 
0 438 146 511 219 1 1 
0 0 0 24 50 
0 438 146 511 219 1 1 
0 0 0 24 51 
0 438 146 511 219 1 1 
0 0 0 14 42 
0 0 292 73 365 1 1 
0 0 0 16 45 
0 0 292 73 365 1 1 
0 0 0 19 48 
0 365 219 438 292 1 1 
0 0 0 14 41 
0 73 146 146 219 1 1 
0 0 0 13 41 
0 73 146 146 219 1 1 
0 0 0 16 47 
0 73 146 146 219 1 1 
0 0 0 18 45 
0 73 146 146 219 1 1 
0 0 0 19 45 
0 73 146 146 219 1 1 
0 0 0 18 46 
0 73 146 146 219 1 1 
0 0 0 19 46 
0 73 146 146 219 1 1 
0 0 0 16 48 
0 73 146 146 219 1 1 
0 0 0 15 48 
0 73 146 146 219 1 1 
0 0 0 15 47 
0 73 146 146 219 1 1 
0 0 0 13 40 
0 146 292 219 365 1 1 
0 0 0 14 40 
0 146 292 219 365 1 1 
0 0 0 12 40 
0 146 292 219 365 1 1 
0 0 0 14 38 
0 146 438 219 511 1 1 
0 0 0 14 39 
0 219 584 292 657 1 1 
0 0 0 15 38 
0 146 657 219 730 1 1 
0 0 0 15 39 
0 146 657 219 730 1 1 
0 0 0 16 38 
0 146 146 219 219 1 1 
0 0 0 16 39 
0 146 146 219 219 1 1 
0 0 0 15 40 
0 146 146 219 219 1 1 
0 0 0 15 41 
0 146 146 219 219 1 1 
0 0 0 13 44 
0 146 146 219 219 1 1 
0 0 0 14 44 
0 146 146 219 219 1 1 
0 0 0 14 46 
0 146 146 219 219 1 1 
0 0 0 14 47 
0 146 146 219 219 1 1 
0 0 0 13 46 
0 365 73 438 146 1 1 
0 0 0 14 45 
0 365 73 438 146 1 1 
0 0 0 13 45 
0 365 73 438 146 1 1 
0 0 0 15 46 
0 365 73 438 146 1 1 
0 0 0 15 45 
0 365 73 438 146 1 1 
0 0 0 15 44 
0 365 73 438 146 1 1 
0 0 0 16 44 
0 365 73 438 146 1 1 
0 0 0 17 44 
0 365 73 438 146 1 1 
0 0 0 17 45 
0 365 73 438 146 1 1 
0 0 0 17 46 
0 365 73 438 146 1 1 
0 0 0 16 46 
0 365 73 438 146 1 1 
0 0 0 16 43 
0 365 73 438 146 1 1 
0 0 0 16 42 
0 365 73 438 146 1 1 
0 0 0 15 42 
0 365 73 438 146 1 1 
0 0 0 15 43 
0 365 73 438 146 1 1 
0 0 0 17 42 
0 365 73 438 146 1 1 
0 0 0 18 42 
0 365 73 438 146 1 1 
0 0 0 18 44 
0 365 146 438 219 1 1 
0 0 0 18 43 
0 365 146 438 219 1 1 
0 0 0 19 43 
0 365 146 438 219 1 1 
0 0 0 19 44 
0 365 146 438 219 1 1 
0 0 0 17 40 
0 365 146 438 219 1 1 
0 0 0 18 40 
0 365 146 438 219 1 1 
0 0 0 16 40 
0 365 219 438 292 1 1 
0 0 0 18 41 
0 219 73 292 146 1 1 
0 0 0 17 41 
0 219 73 292 146 1 1 
0 0 0 14 43 
0 219 73 292 146 1 1 
0 0 0 13 43 
0 219 73 292 146 1 1 
0 0 0 13 42 
0 219 73 292 146 1 1 
0 0 0 12 43 
0 219 73 292 146 1 1 
0 0 0 12 44 
0 219 73 292 146 1 1 
0 0 0 11 44 
0 219 73 292 146 1 1 
0 0 0 10 44 
0 219 73 292 146 1 1 
0 0 0 9 44 
0 219 73 292 146 1 1 
0 0 0 9 45 
0 219 73 292 146 1 1 
0 0 0 10 45 
0 219 73 292 146 1 1 
0 0 0 11 45 
0 219 73 292 146 1 1 
0 0 0 12 45 
0 219 73 292 146 1 1 
0 0 0 12 46 
0 219 73 292 146 1 1 
0 0 0 13 47 
0 219 146 292 219 1 1 
0 0 0 13 48 
0 219 146 292 219 1 1 
0 0 0 14 48 
0 219 146 292 219 1 1 
0 0 0 17 43 
0 219 146 292 219 1 1 
0 0 0 18 48 
0 219 146 292 219 1 1 
0 0 0 19 49 
0 219 146 292 219 1 1 
0 0 0 19 47 
0 219 146 292 219 1 1 
0 0 0 18 47 
0 365 146 438 219 1 1 
0 0 0 17 47 
0 365 146 438 219 1 1 
0 0 0 17 48 
0 365 146 438 219 1 1 
0 0 0 17 49 
0 365 146 438 219 1 1 
0 0 0 18 49 
0 365 146 438 219 1 1 
0 0 0 16 49 
0 365 146 438 219 1 1 
0 0 0 15 49 
0 365 146 438 219 1 1 
0 0 0 16 51 
0 365 146 438 219 1 1 
0 0 0 16 50 
0 365 146 438 219 1 1 
0 0 0 12 49 
0 219 292 292 365 1 1 
0 0 0 13 49 
0 219 292 292 365 1 1 
0 0 0 14 49 
0 219 292 292 365 1 1 
0 0 0 14 50 
0 292 438 365 511 1 1 
0 0 0 14 51 
0 365 584 438 657 1 1 
0 0 0 15 50 
0 292 657 365 730 1 1 
0 0 0 15 51 
0 365 657 438 730 1 1 
0 0 0 8 44 
0 219 219 292 292 1 1 
0 0 0 8 45 
0 219 219 292 292 1 1 
0 0 0 7 38 
0 73 219 146 292 1 1 
0 0 0 7 39 
0 73 219 146 292 1 1 
0 0 0 7 42 
0 73 219 146 292 1 1 
0 0 0 7 43 
0 73 219 146 292 1 1 
0 0 0 7 45 
0 73 219 146 292 1 1 
0 0 0 7 47 
0 73 219 146 292 1 1 
0 0 0 7 48 
0 73 219 146 292 1 1 
0 0 0 7 50 
0 73 219 146 292 1 1 
0 0 0 7 51 
0 73 219 146 292 1 1 
0 0 0 9 37 
0 219 365 292 438 1 1 
0 0 0 10 37 
0 219 365 292 438 1 1 
0 0 0 11 37 
0 219 365 292 438 1 1 
0 0 0 12 37 
0 219 365 292 438 1 1 
0 0 0 14 37 
0 219 365 292 438 1 1 
0 0 0 24 37 
0 219 146 292 219 1 1 
0 0 0 7 37 
0 146 292 219 365 1 1 
0 0 0 15 37 
0 219 219 292 292 1 1 
0 0 0 16 37 
0 219 219 292 292 1 1 
0 0 0 20 44 
0 219 219 292 292 1 1 
0 0 0 6 37 
0 0 511 73 584 1 1 
0 0 0 6 38 
0 146 657 219 730 1 1 
0 0 0 6 39 
0 146 657 219 730 1 1 
0 0 0 6 40 
0 146 657 219 730 1 1 
0 0 0 6 41 
0 146 657 219 730 1 1 
0 0 0 6 42 
0 146 657 219 730 1 1 
0 0 0 6 43 
0 146 657 219 730 1 1 
0 0 0 6 44 
0 146 657 219 730 1 1 
0 0 0 6 45 
0 146 657 219 730 1 1 
0 0 0 6 46 
0 146 657 219 730 1 1 
0 0 0 6 47 
0 146 657 219 730 1 1 
0 0 0 7 40 
0 219 146 292 219 1 1 
0 0 0 7 41 
0 219 146 292 219 1 1 
0 0 0 7 44 
0 219 146 292 219 1 1 
0 0 0 7 46 
0 219 146 292 219 1 1 
0 0 0 6 48 
0 292 511 365 584 1 1 
0 0 0 6 49 
0 292 511 365 584 1 1 
0 0 0 6 50 
0 292 511 365 584 1 1 
0 0 0 6 51 
0 292 511 365 584 1 1 
0 0 0 7 49 
0 219 219 292 292 1 1 
0 0 0 13 37 
0 73 365 146 438 1 1 
0 0 0 8 37 
0 73 365 146 438 1 1 
0 0 0 5 37 
0 0 438 73 511 1 1 
0 0 0 5 40 
0 0 438 73 511 1 1 
0 0 0 5 41 
0 0 438 73 511 1 1 
0 0 0 5 44 
0 0 438 73 511 1 1 
0 0 0 5 46 
0 0 438 73 511 1 1 
0 0 0 5 48 
0 0 438 73 511 1 1 
0 0 0 5 49 
0 0 438 73 511 1 1 
0 0 0 5 51 
0 0 438 73 511 1 1 
0 0 0 5 38 
0 219 584 292 657 1 1 
0 0 0 5 39 
0 219 584 292 657 1 1 
0 0 0 5 42 
0 219 584 292 657 1 1 
0 0 0 5 43 
0 219 584 292 657 1 1 
0 0 0 5 45 
0 219 584 292 657 1 1 
0 0 0 5 47 
0 219 584 292 657 1 1 
0 0 0 5 50 
0 219 584 292 657 1 1 
0 0 0 8 36 
0 438 146 511 219 1 1 
0 0 0 8 35 
0 438 146 511 219 1 1 
0 0 0 7 36 
0 657 73 730 146 1 1 
0 0 0 7 35 
0 657 73 730 146 1 1 
0 0 0 16 41 
0 219 146 292 219 1 1 
0 0 0 21 36 
0 219 146 292 219 1 1 
0 0 0 14 36 
0 73 73 146 146 1 1 
0 0 0 15 36 
0 73 73 146 146 1 1 
0 0 0 16 36 
0 73 73 146 146 1 1 
0 0 0 17 36 
0 73 73 146 146 1 1 
0 0 0 18 36 
0 73 73 146 146 1 1 
0 0 0 19 36 
0 73 73 146 146 1 1 
0 0 0 20 36 
0 219 146 292 219 1 1 
0 0 0 20 35 
0 219 146 292 219 1 1 
0 0 0 19 35 
0 219 146 292 219 1 1 
0 0 0 13 36 
0 219 219 292 292 1 1 
0 0 0 13 35 
0 219 219 292 292 1 1 
0 0 0 14 35 
0 219 219 292 292 1 1 
0 0 0 15 35 
0 219 219 292 292 1 1 
0 0 0 16 35 
0 219 219 292 292 1 1 
0 0 0 17 35 
0 219 219 292 292 1 1 
0 0 0 18 35 
0 219 219 292 292 1 1 
0 0 0 21 35 
0 219 219 292 292 1 1 
0 0 0 22 35 
0 219 219 292 292 1 1 
0 0 0 22 36 
0 219 219 292 292 1 1 
0 0 0 23 36 
0 219 219 292 292 1 1 
0 0 0 23 35 
0 219 219 292 292 1 1 
0 0 0 22 39 
0 730 292 803 365 1 1 
0 0 0 23 38 
0 730 73 803 146 1 1 
0 0 0 19 40 
0 219 146 292 219 1 1 
0 0 0 19 41 
0 219 146 292 219 1 1 
0 0 0 20 45 
0 219 146 292 219 1 1 
0 0 0 21 45 
0 219 146 292 219 1 1 
0 0 0 21 44 
0 219 146 292 219 1 1 
0 0 0 22 44 
0 219 146 292 219 1 1 
0 0 0 22 45 
0 219 146 292 219 1 1 
0 0 0 23 44 
0 219 146 292 219 1 1 
0 0 0 24 43 
0 219 146 292 219 1 1 
0 0 0 24 44 
0 219 146 292 219 1 1 
0 0 0 24 45 
0 219 146 292 219 1 1 
0 0 0 23 45 
0 219 146 292 219 1 1 
0 0 0 24 46 
0 219 146 292 219 1 1 
0 0 0 23 43 
0 146 365 219 438 1 1 
0 0 0 22 43 
0 146 365 219 438 1 1 
0 0 0 21 43 
0 146 365 219 438 1 1 
0 0 0 20 43 
0 146 365 219 438 1 1 
0 0 0 20 46 
0 219 365 292 438 1 1 
0 0 0 21 46 
0 219 365 292 438 1 1 
0 0 0 22 46 
0 219 365 292 438 1 1 
0 0 0 23 46 
0 219 365 292 438 1 1 
0 0 0 9 36 
0 219 219 292 292 1 1 
0 0 0 10 36 
0 219 219 292 292 1 1 
0 0 0 9 35 
0 219 219 292 292 1 1 
0 0 0 10 35 
0 219 219 292 292 1 1 
0 0 0 11 35 
0 219 219 292 292 1 1 
0 0 0 11 36 
0 219 219 292 292 1 1 
0 0 0 12 36 
0 219 219 292 292 1 1 
0 0 0 12 35 
0 219 219 292 292 1 1 
0 0 0 5 35 
0 584 365 657 438 1 1 
0 0 0 5 36 
0 657 438 730 511 1 1 
0 0 0 6 36 
0 657 438 730 511 1 1 
0 0 0 6 35 
0 511 438 584 511 1 1 
0 0 0 12 34 
0 365 438 438 511 1 1 
0 0 0 12 33 
0 365 438 438 511 1 1 
0 0 0 12 32 
0 365 438 438 511 1 1 
0 0 0 12 31 
0 365 438 438 511 1 1 
0 0 0 12 30 
0 365 438 438 511 1 1 
0 0 0 12 29 
0 365 438 438 511 1 1 
0 0 0 13 34 
0 438 146 511 219 1 1 
0 0 0 13 33 
0 438 146 511 219 1 1 
0 0 0 13 32 
0 438 146 511 219 1 1 
0 0 0 13 31 
0 438 146 511 219 1 1 
0 0 0 13 30 
0 438 146 511 219 1 1 
0 0 0 13 29 
0 438 146 511 219 1 1 
0 0 0 14 33 
0 219 73 292 146 1 1 
0 0 0 14 32 
0 219 73 292 146 1 1 
0 0 0 14 31 
0 219 73 292 146 1 1 
0 0 0 15 34 
0 219 73 292 146 1 1 
0 0 0 15 32 
0 219 73 292 146 1 1 
0 0 0 15 31 
0 219 73 292 146 1 1 
0 0 0 15 29 
0 219 73 292 146 1 1 
0 0 0 18 34 
0 511 730 584 803 1 1 
0 0 0 19 34 
0 511 730 584 803 1 1 
0 0 0 21 34 
0 511 730 584 803 1 1 
0 0 0 22 34 
0 511 803 584 876 1 1 
0 0 0 20 34 
0 511 803 584 876 1 1 
0 0 0 23 34 
0 657 876 730 949 1 1 
0 0 0 9 34 
0 657 1022 730 1095 1 1 
0 0 0 8 34 
0 511 730 584 803 1 1 
0 0 0 7 34 
0 511 730 584 803 1 1 
0 0 0 6 34 
0 511 730 584 803 1 1 
0 0 0 5 34 
0 511 730 584 803 1 1 
0 0 0 4 35 
0 511 1022 584 1095 1 1 
0 0 0 4 34 
0 511 657 584 730 1 1 
0 0 0 11 34 
0 876 0 949 73 1 1 
0 0 0 10 33 
0 876 0 949 73 1 1 
0 0 0 10 32 
0 876 0 949 73 1 1 
0 0 0 10 30 
0 876 0 949 73 1 1 
0 0 0 11 30 
0 876 0 949 73 1 1 
0 0 0 11 29 
0 876 0 949 73 1 1 
0 0 0 10 34 
0 730 0 803 73 1 1 
0 0 0 11 33 
0 730 0 803 73 1 1 
0 0 0 11 32 
0 730 0 803 73 1 1 
0 0 0 11 31 
0 730 0 803 73 1 1 
0 0 0 10 31 
0 730 0 803 73 1 1 
0 0 0 10 29 
0 730 0 803 73 1 1 
0 0 0 9 33 
0 584 949 657 1022 1 1 
0 0 0 9 32 
0 584 949 657 1022 1 1 
0 0 0 9 30 
0 584 949 657 1022 1 1 
0 0 0 9 31 
0 511 1022 584 1095 1 1 
0 0 0 9 29 
0 511 1022 584 1095 1 1 
0 0 0 17 34 
0 146 146 219 219 1 1 
0 0 0 16 34 
0 146 146 219 219 1 1 
0 0 0 17 31 
0 146 146 219 219 1 1 
0 0 0 16 31 
0 146 146 219 219 1 1 
0 0 0 17 30 
0 146 146 219 219 1 1 
0 0 0 17 29 
0 146 146 219 219 1 1 
0 0 0 17 32 
0 146 146 219 219 1 1 
0 0 0 16 33 
0 146 146 219 219 1 1 
0 0 0 16 29 
0 73 219 146 292 1 1 
0 0 0 16 30 
0 73 219 146 292 1 1 
0 0 0 15 30 
0 73 219 146 292 1 1 
0 0 0 16 32 
0 73 219 146 292 1 1 
0 0 0 14 30 
0 73 219 146 292 1 1 
0 0 0 14 34 
0 73 219 146 292 1 1 
0 0 0 17 33 
0 73 219 146 292 1 1 
0 0 0 14 29 
0 365 219 438 292 1 1 
0 0 0 15 33 
0 73 73 146 146 1 1 
0 0 0 9 49 
0 730 219 803 292 1 1 
0 0 0 4 37 
0 876 0 949 73 1 1 
0 0 0 4 40 
0 876 0 949 73 1 1 
0 0 0 4 44 
0 876 0 949 73 1 1 
0 0 0 4 41 
0 876 0 949 73 1 1 
0 0 0 4 49 
0 876 0 949 73 1 1 
0 0 0 4 51 
0 876 0 949 73 1 1 
0 0 0 4 38 
0 511 219 584 292 1 1 
0 0 0 4 39 
0 511 219 584 292 1 1 
0 0 0 4 42 
0 511 219 584 292 1 1 
0 0 0 4 43 
0 511 219 584 292 1 1 
0 0 0 4 46 
0 803 219 876 292 1 1 
0 0 0 4 48 
0 803 219 876 292 1 1 
0 0 0 3 37 
0 803 219 876 292 1 1 
0 0 0 3 38 
0 803 219 876 292 1 1 
0 0 0 3 42 
0 803 219 876 292 1 1 
0 0 0 3 45 
0 803 219 876 292 1 1 
0 0 0 3 49 
0 803 219 876 292 1 1 
0 0 0 3 51 
0 803 219 876 292 1 1 
0 0 0 3 47 
0 803 219 876 292 1 1 
0 0 0 3 39 
0 584 219 657 292 1 1 
0 0 0 3 43 
0 584 219 657 292 1 1 
0 0 0 3 46 
0 584 219 657 292 1 1 
0 0 0 3 48 
0 584 219 657 292 1 1 
0 0 0 3 50 
0 584 219 657 292 1 1 
0 0 0 3 41 
0 584 438 657 511 1 1 
0 0 0 3 40 
0 584 438 657 511 1 1 
0 0 0 3 44 
0 584 438 657 511 1 1 
0 0 0 2 37 
0 511 949 584 1022 1 1 
0 0 0 2 39 
0 511 949 584 1022 1 1 
0 0 0 2 41 
0 511 949 584 1022 1 1 
0 0 0 2 44 
0 511 949 584 1022 1 1 
0 0 0 2 46 
0 511 949 584 1022 1 1 
0 0 0 2 49 
0 511 949 584 1022 1 1 
0 0 0 2 51 
0 511 949 584 1022 1 1 
0 0 0 2 38 
0 438 949 511 1022 1 1 
0 0 0 2 40 
0 438 949 511 1022 1 1 
0 0 0 2 42 
0 438 949 511 1022 1 1 
0 0 0 2 43 
0 438 949 511 1022 1 1 
0 0 0 2 45 
0 438 949 511 1022 1 1 
0 0 0 2 47 
0 438 949 511 1022 1 1 
0 0 0 2 48 
0 438 949 511 1022 1 1 
0 0 0 2 50 
0 438 949 511 1022 1 1 
0 0 0 4 36 
0 657 1022 730 1095 1 1 
0 0 0 3 36 
0 511 730 584 803 1 1 
0 0 0 2 36 
0 511 657 584 730 1 1 
0 0 0 12 28 
0 949 73 1022 146 1 1 
0 0 0 12 27 
0 949 73 1022 146 1 1 
0 0 0 12 26 
0 949 73 1022 146 1 1 
0 0 0 12 25 
0 584 73 657 146 1 1 
0 0 0 13 28 
0 803 146 876 219 1 1 
0 0 0 13 27 
0 803 146 876 219 1 1 
0 0 0 13 26 
0 803 146 876 219 1 1 
0 0 0 13 25 
0 803 146 876 219 1 1 
0 0 0 10 27 
0 511 292 584 365 1 1 
0 0 0 10 28 
0 511 292 584 365 1 1 
0 0 0 10 26 
0 511 292 584 365 1 1 
0 0 0 10 25 
0 511 292 584 365 1 1 
0 0 0 11 25 
0 584 365 657 438 1 1 
0 0 0 11 26 
0 584 365 657 438 1 1 
0 0 0 11 28 
0 584 365 657 438 1 1 
0 0 0 11 27 
0 584 365 657 438 1 1 
0 0 0 9 28 
0 438 1022 511 1095 1 1 
0 0 0 9 26 
0 438 1022 511 1095 1 1 
0 0 0 9 27 
0 803 949 876 1022 1 1 
0 0 0 14 28 
0 146 219 219 292 1 1 
0 0 0 14 26 
0 146 219 219 292 1 1 
0 0 0 14 25 
0 146 219 219 292 1 1 
0 0 0 14 27 
0 146 219 219 292 1 1 
0 0 0 15 26 
0 146 219 219 292 1 1 
0 0 0 15 25 
0 146 219 219 292 1 1 
0 0 0 16 26 
0 146 219 219 292 1 1 
0 0 0 16 27 
0 146 219 219 292 1 1 
0 0 0 15 27 
0 146 219 219 292 1 1 
0 0 0 15 28 
0 146 219 219 292 1 1 
0 0 0 16 28 
0 146 219 219 292 1 1 
0 0 0 17 28 
0 146 219 219 292 1 1 
0 0 0 17 27 
0 146 219 219 292 1 1 
0 0 0 17 26 
0 146 219 219 292 1 1 
0 0 0 16 25 
0 146 219 219 292 1 1 
0 0 0 25 37 
0 73 0 146 73 1 1 
0 0 0 25 38 
0 73 0 146 73 1 1 
0 0 0 25 39 
0 73 0 146 73 1 1 
0 0 0 25 40 
0 73 0 146 73 1 1 
0 0 0 25 41 
0 73 0 146 73 1 1 
0 0 0 25 42 
0 73 0 146 73 1 1 
0 0 0 25 44 
0 73 0 146 73 1 1 
0 0 0 25 43 
0 73 0 146 73 1 1 
0 0 0 25 45 
0 73 0 146 73 1 1 
0 0 0 25 46 
0 73 0 146 73 1 1 
0 0 0 25 47 
0 73 0 146 73 1 1 
0 0 0 25 48 
0 73 0 146 73 1 1 
0 0 0 25 49 
0 73 0 146 73 1 1 
0 0 0 25 50 
0 73 0 146 73 1 1 
0 0 0 25 51 
0 73 0 146 73 1 1 
0 0 0 17 52 
0 146 292 219 365 1 1 
0 0 0 18 52 
0 146 292 219 365 1 1 
0 0 0 19 52 
0 146 292 219 365 1 1 
0 0 0 21 52 
0 146 292 219 365 1 1 
0 0 0 23 52 
0 146 292 219 365 1 1 
0 0 0 20 52 
0 146 292 219 365 1 1 
0 0 0 22 52 
0 146 292 219 365 1 1 
0 0 0 17 37 
0 365 365 438 438 1 1 
0 0 0 18 37 
0 365 365 438 438 1 1 
0 0 0 19 37 
0 365 365 438 438 1 1 
0 0 0 20 37 
0 365 365 438 438 1 1 
0 0 0 21 37 
0 365 365 438 438 1 1 
0 0 0 22 37 
0 365 365 438 438 1 1 
0 0 0 23 37 
0 365 365 438 438 1 1 
0 0 0 8 46 
0 365 365 438 438 1 1 
0 0 0 9 46 
0 365 365 438 438 1 1 
0 0 0 10 46 
0 365 365 438 438 1 1 
0 0 0 11 46 
0 365 365 438 438 1 1 
0 0 0 8 43 
0 292 365 365 438 1 1 
0 0 0 9 43 
0 292 365 365 438 1 1 
0 0 0 10 43 
0 292 365 365 438 1 1 
0 0 0 11 43 
0 292 365 365 438 1 1 
0 0 0 16 52 
0 292 365 365 438 1 1 
0 0 0 24 52 
0 219 146 292 219 1 1 
0 0 0 25 52 
0 219 146 292 219 1 1 
0 0 0 23 53 
0 219 146 292 219 1 1 
0 0 0 23 54 
0 219 146 292 219 1 1 
0 0 0 22 53 
0 219 146 292 219 1 1 
0 0 0 21 53 
0 219 146 292 219 1 1 
0 0 0 21 54 
0 219 146 292 219 1 1 
0 0 0 20 54 
0 219 146 292 219 1 1 
0 0 0 19 53 
0 219 146 292 219 1 1 
0 0 0 19 54 
0 219 146 292 219 1 1 
0 0 0 18 54 
0 219 146 292 219 1 1 
0 0 0 17 53 
0 219 146 292 219 1 1 
0 0 0 16 54 
0 219 146 292 219 1 1 
0 0 0 16 53 
0 219 146 292 219 1 1 
0 0 0 18 53 
0 0 219 73 292 1 1 
0 0 0 17 54 
0 0 219 73 292 1 1 
0 0 0 20 53 
0 0 219 73 292 1 1 
0 0 0 22 54 
0 0 219 73 292 1 1 
0 0 0 22 55 
0 438 803 511 876 1 1 
0 0 0 21 55 
0 438 803 511 876 1 1 
0 0 0 19 55 
0 438 803 511 876 1 1 
0 0 0 17 55 
0 438 803 511 876 1 1 
0 0 0 16 55 
0 438 803 511 876 1 1 
0 0 0 23 55 
0 584 876 657 949 1 1 
0 0 0 18 55 
0 438 730 511 803 1 1 
0 0 0 20 55 
0 438 730 511 803 1 1 
0 0 0 15 52 
0 219 219 292 292 1 1 
0 0 0 15 53 
0 219 219 292 292 1 1 
0 0 0 15 54 
0 219 219 292 292 1 1 
0 0 0 12 54 
0 219 219 292 292 1 1 
0 0 0 12 53 
0 219 219 292 292 1 1 
0 0 0 12 52 
0 219 219 292 292 1 1 
0 0 0 13 52 
0 219 219 292 292 1 1 
0 0 0 14 52 
0 219 219 292 292 1 1 
0 0 0 14 53 
0 219 219 292 292 1 1 
0 0 0 10 54 
0 219 219 292 292 1 1 
0 0 0 9 53 
0 219 219 292 292 1 1 
0 0 0 8 52 
0 219 219 292 292 1 1 
0 0 0 7 53 
0 219 219 292 292 1 1 
0 0 0 11 52 
0 219 219 292 292 1 1 
0 0 0 10 53 
0 219 219 292 292 1 1 
0 0 0 10 52 
0 0 146 73 219 1 1 
0 0 0 9 52 
0 0 146 73 219 1 1 
0 0 0 7 52 
0 0 146 73 219 1 1 
0 0 0 7 54 
0 0 146 73 219 1 1 
0 0 0 8 54 
0 0 146 73 219 1 1 
0 0 0 8 53 
0 0 146 73 219 1 1 
0 0 0 9 54 
0 0 146 73 219 1 1 
0 0 0 11 53 
0 0 146 73 219 1 1 
0 0 0 11 54 
0 0 146 73 219 1 1 
0 0 0 13 53 
0 0 146 73 219 1 1 
0 0 0 14 54 
0 0 146 73 219 1 1 
0 0 0 13 54 
0 0 146 73 219 1 1 
0 0 0 19 39 
0 657 876 730 949 1 1 
0 0 0 19 50 
0 584 876 657 949 1 1 
0 0 0 2 52 
0 730 803 803 876 1 1 
0 0 0 2 53 
0 730 803 803 876 1 1 
0 0 0 2 54 
0 730 803 803 876 1 1 
0 0 0 3 52 
0 584 438 657 511 1 1 
0 0 0 4 53 
0 584 438 657 511 1 1 
0 0 0 4 54 
0 584 438 657 511 1 1 
0 0 0 4 52 
0 803 219 876 292 1 1 
0 0 0 3 53 
0 803 219 876 292 1 1 
0 0 0 3 54 
0 803 219 876 292 1 1 
0 0 0 5 52 
0 584 73 657 146 1 1 
0 0 0 5 54 
0 584 73 657 146 1 1 
0 0 0 6 54 
0 584 146 657 219 1 1 
0 0 0 6 53 
0 584 146 657 219 1 1 
0 0 0 6 52 
0 584 146 657 219 1 1 
0 0 0 5 53 
0 292 438 365 511 1 1 
0 0 0 4 45 
0 438 219 511 292 1 1 
0 0 0 4 47 
0 438 219 511 292 1 1 
0 0 0 4 50 
0 438 219 511 292 1 1 
0 0 0 12 55 
0 438 803 511 876 1 1 
0 0 0 10 55 
0 438 803 511 876 1 1 
0 0 0 8 55 
0 438 803 511 876 1 1 
0 0 0 6 55 
0 438 803 511 876 1 1 
0 0 0 5 55 
0 438 803 511 876 1 1 
0 0 0 4 55 
0 438 803 511 876 1 1 
0 0 0 3 55 
0 438 803 511 876 1 1 
0 0 0 7 55 
0 438 730 511 803 1 1 
0 0 0 9 55 
0 438 730 511 803 1 1 
0 0 0 11 55 
0 438 730 511 803 1 1 
0 0 0 13 55 
0 438 730 511 803 1 1 
0 0 0 14 55 
0 438 730 511 803 1 1 
0 0 0 15 55 
0 438 730 511 803 1 1 
0 0 0 2 55 
0 438 657 511 730 1 1 
0 0 0 9 25 
0 730 1022 803 1095 1 1 
0 1 0 8 25 
0 438 730 511 803 1 1 
0 1 0 7 25 
0 438 730 511 803 1 1 
0 1 0 6 25 
0 438 730 511 803 1 1 
0 1 0 5 25 
0 438 730 511 803 1 1 
0 1 0 4 25 
0 438 730 511 803 1 1 
0 1 0 3 25 
0 438 730 511 803 1 1 
0 1 0 2 25 
0 438 657 511 730 1 1 
0 1 0 2 24 
0 730 803 803 876 1 1 
0 1 0 2 19 
0 730 803 803 876 1 1 
0 1 0 2 16 
0 730 803 803 876 1 1 
0 1 0 2 12 
0 730 803 803 876 1 1 
0 1 0 2 11 
0 730 803 803 876 1 1 
0 1 0 2 8 
0 730 803 803 876 1 1 
0 1 0 2 6 
0 730 803 803 876 1 1 
0 1 0 2 4 
0 730 803 803 876 1 1 
0 1 0 2 3 
0 730 803 803 876 1 1 
0 1 0 2 13 
0 730 803 803 876 1 1 
0 1 0 2 20 
0 730 803 803 876 1 1 
0 1 0 2 22 
0 730 803 803 876 1 1 
0 1 0 2 21 
0 730 803 803 876 1 1 
0 1 0 2 23 
0 730 803 803 876 1 1 
0 1 0 2 18 
0 511 1022 584 1095 1 1 
0 1 0 2 17 
0 511 1022 584 1095 1 1 
0 1 0 2 15 
0 511 1022 584 1095 1 1 
0 1 0 2 14 
0 511 1022 584 1095 1 1 
0 1 0 2 10 
0 511 1022 584 1095 1 1 
0 1 0 2 9 
0 511 1022 584 1095 1 1 
0 1 0 2 7 
0 511 1022 584 1095 1 1 
0 1 0 2 5 
0 511 1022 584 1095 1 1 
0 1 0 2 2 
0 511 657 584 730 1 1 
0 1 0 4 2 
0 511 730 584 803 1 1 
0 1 0 5 2 
0 511 730 584 803 1 1 
0 1 0 7 2 
0 511 730 584 803 1 1 
0 1 0 13 2 
0 511 730 584 803 1 1 
0 1 0 14 2 
0 511 730 584 803 1 1 
0 1 0 17 2 
0 511 730 584 803 1 1 
0 1 0 18 2 
0 511 730 584 803 1 1 
0 1 0 20 2 
0 511 730 584 803 1 1 
0 1 0 22 2 
0 511 730 584 803 1 1 
0 1 0 24 2 
0 511 730 584 803 1 1 
0 1 0 15 2 
0 511 730 584 803 1 1 
0 1 0 5 3 
0 803 73 876 146 1 1 
0 1 0 5 7 
0 803 73 876 146 1 1 
0 1 0 5 10 
0 803 73 876 146 1 1 
0 1 0 5 12 
0 803 73 876 146 1 1 
0 1 0 5 14 
0 803 73 876 146 1 1 
0 1 0 5 16 
0 803 73 876 146 1 1 
0 1 0 5 19 
0 803 73 876 146 1 1 
0 1 0 5 22 
0 803 73 876 146 1 1 
0 1 0 5 23 
0 803 73 876 146 1 1 
0 1 0 5 6 
0 803 73 876 146 1 1 
0 1 0 5 5 
0 803 73 876 146 1 1 
0 1 0 5 4 
0 949 73 1022 146 1 1 
0 1 0 5 8 
0 949 73 1022 146 1 1 
0 1 0 5 9 
0 146 438 219 511 1 1 
0 1 0 5 11 
0 146 438 219 511 1 1 
0 1 0 5 17 
0 146 438 219 511 1 1 
0 1 0 5 18 
0 146 438 219 511 1 1 
0 1 0 5 20 
0 146 438 219 511 1 1 
0 1 0 5 21 
0 146 438 219 511 1 1 
0 1 0 5 15 
0 146 438 219 511 1 1 
0 1 0 5 13 
0 146 438 219 511 1 1 
0 1 0 5 24 
0 146 438 219 511 1 1 
0 1 0 3 2 
0 657 657 730 730 1 1 
0 1 0 8 2 
0 657 657 730 730 1 1 
0 1 0 10 2 
0 657 657 730 730 1 1 
0 1 0 16 2 
0 657 657 730 730 1 1 
0 1 0 12 2 
0 657 657 730 730 1 1 
0 1 0 23 2 
0 511 803 584 876 1 1 
0 1 0 21 2 
0 511 803 584 876 1 1 
0 1 0 6 2 
0 511 803 584 876 1 1 
0 1 0 9 2 
0 511 803 584 876 1 1 
0 1 0 11 2 
0 511 803 584 876 1 1 
0 1 0 19 2 
0 511 803 584 876 1 1 
0 1 0 25 25 
0 584 876 657 949 1 1 
0 1 0 24 25 
0 584 657 657 730 1 1 
0 1 0 19 25 
0 584 657 657 730 1 1 
0 1 0 18 25 
0 584 657 657 730 1 1 
0 1 0 21 25 
0 584 657 657 730 1 1 
0 1 0 20 25 
0 438 803 511 876 1 1 
0 1 0 22 25 
0 438 803 511 876 1 1 
0 1 0 23 25 
0 438 803 511 876 1 1 
0 1 0 3 3 
0 730 292 803 365 1 1 
0 1 0 3 6 
0 730 292 803 365 1 1 
0 1 0 4 9 
0 730 292 803 365 1 1 
0 1 0 4 13 
0 730 292 803 365 1 1 
0 1 0 3 17 
0 730 292 803 365 1 1 
0 1 0 3 18 
0 730 292 803 365 1 1 
0 1 0 3 11 
0 730 292 803 365 1 1 
0 1 0 3 9 
0 657 438 730 511 1 1 
0 1 0 4 8 
0 657 438 730 511 1 1 
0 1 0 4 6 
0 657 438 730 511 1 1 
0 1 0 4 5 
0 657 438 730 511 1 1 
0 1 0 3 4 
0 657 438 730 511 1 1 
0 1 0 3 5 
0 657 438 730 511 1 1 
0 1 0 4 4 
0 657 438 730 511 1 1 
0 1 0 3 7 
0 803 219 876 292 1 1 
0 1 0 3 8 
0 803 219 876 292 1 1 
0 1 0 4 3 
0 803 219 876 292 1 1 
0 1 0 4 7 
0 803 219 876 292 1 1 
0 1 0 3 14 
0 803 219 876 292 1 1 
0 1 0 4 15 
0 803 219 876 292 1 1 
0 1 0 4 17 
0 803 219 876 292 1 1 
0 1 0 4 19 
0 803 219 876 292 1 1 
0 1 0 3 20 
0 803 219 876 292 1 1 
0 1 0 3 22 
0 803 219 876 292 1 1 
0 1 0 4 23 
0 803 219 876 292 1 1 
0 1 0 4 21 
0 803 219 876 292 1 1 
0 1 0 3 23 
0 803 219 876 292 1 1 
0 1 0 3 24 
0 803 219 876 292 1 1 
0 1 0 3 21 
0 584 438 657 511 1 1 
0 1 0 4 20 
0 584 438 657 511 1 1 
0 1 0 3 19 
0 584 438 657 511 1 1 
0 1 0 4 18 
0 584 438 657 511 1 1 
0 1 0 4 22 
0 584 438 657 511 1 1 
0 1 0 4 24 
0 584 438 657 511 1 1 
0 1 0 3 15 
0 584 438 657 511 1 1 
0 1 0 3 16 
0 584 438 657 511 1 1 
0 1 0 4 16 
0 584 438 657 511 1 1 
0 1 0 4 14 
0 584 438 657 511 1 1 
0 1 0 3 13 
0 584 438 657 511 1 1 
0 1 0 3 12 
0 584 438 657 511 1 1 
0 1 0 4 12 
0 584 438 657 511 1 1 
0 1 0 4 11 
0 584 438 657 511 1 1 
0 1 0 3 10 
0 438 438 511 511 1 1 
0 1 0 4 10 
0 438 438 511 511 1 1 
0 1 0 9 9 
0 73 219 146 292 1 1 
0 1 0 9 14 
0 73 219 146 292 1 1 
0 1 0 12 17 
0 73 219 146 292 1 1 
0 1 0 15 14 
0 73 219 146 292 1 1 
0 1 0 13 9 
0 73 219 146 292 1 1 
0 1 0 13 4 
0 73 219 146 292 1 1 
0 1 0 18 8 
0 73 219 146 292 1 1 
0 1 0 18 13 
0 73 219 146 292 1 1 
0 1 0 12 12 
0 73 219 146 292 1 1 
0 1 0 10 18 
0 73 219 146 292 1 1 
0 1 0 10 19 
0 73 219 146 292 1 1 
0 1 0 16 19 
0 73 219 146 292 1 1 
0 1 0 19 19 
0 73 219 146 292 1 1 
0 1 0 22 17 
0 73 219 146 292 1 1 
0 1 0 22 13 
0 73 219 146 292 1 1 
0 1 0 20 10 
0 73 219 146 292 1 1 
0 1 0 16 10 
0 73 219 146 292 1 1 
0 1 0 15 11 
0 73 219 146 292 1 1 
0 1 0 9 22 
0 73 219 146 292 1 1 
0 1 0 13 22 
0 73 219 146 292 1 1 
0 1 0 15 22 
0 73 219 146 292 1 1 
0 1 0 18 22 
0 73 219 146 292 1 1 
0 1 0 20 21 
0 73 219 146 292 1 1 
0 1 0 14 17 
0 73 219 146 292 1 1 
0 1 0 13 16 
0 73 219 146 292 1 1 
0 1 0 11 15 
0 73 219 146 292 1 1 
0 1 0 10 14 
0 73 219 146 292 1 1 
0 1 0 9 11 
0 73 219 146 292 1 1 
0 1 0 11 9 
0 73 219 146 292 1 1 
0 1 0 9 7 
0 73 219 146 292 1 1 
0 1 0 11 5 
0 73 219 146 292 1 1 
0 1 0 16 6 
0 73 219 146 292 1 1 
0 1 0 18 5 
0 73 219 146 292 1 1 
0 1 0 21 4 
0 73 219 146 292 1 1 
0 1 0 24 3 
0 73 219 146 292 1 1 
0 1 0 24 6 
0 73 219 146 292 1 1 
0 1 0 23 24 
0 73 219 146 292 1 1 
0 1 0 24 23 
0 73 219 146 292 1 1 
0 1 0 25 20 
0 73 219 146 292 1 1 
0 1 0 24 21 
0 73 219 146 292 1 1 
0 1 0 24 12 
0 73 219 146 292 1 1 
0 1 0 24 16 
0 73 219 146 292 1 1 
0 1 0 16 21 
0 73 219 146 292 1 1 
0 1 0 20 15 
0 73 219 146 292 1 1 
0 1 0 25 6 
0 73 219 146 292 1 1 
0 1 0 25 5 
0 73 219 146 292 1 1 
0 1 0 25 7 
0 73 219 146 292 1 1 
0 1 0 25 8 
0 73 219 146 292 1 1 
0 1 0 25 9 
0 73 219 146 292 1 1 
0 1 0 25 10 
0 73 219 146 292 1 1 
0 1 0 25 11 
0 73 219 146 292 1 1 
0 1 0 25 12 
0 73 219 146 292 1 1 
0 1 0 25 13 
0 73 219 146 292 1 1 
0 1 0 25 14 
0 73 219 146 292 1 1 
0 1 0 25 15 
0 73 219 146 292 1 1 
0 1 0 25 16 
0 73 219 146 292 1 1 
0 1 0 25 17 
0 73 219 146 292 1 1 
0 1 0 25 18 
0 73 219 146 292 1 1 
0 1 0 25 19 
0 73 219 146 292 1 1 
0 1 0 25 21 
0 73 219 146 292 1 1 
0 1 0 25 23 
0 73 219 146 292 1 1 
0 1 0 25 24 
0 73 219 146 292 1 1 
0 1 0 24 24 
0 73 219 146 292 1 1 
0 1 0 16 14 
0 73 219 146 292 1 1 
0 1 0 14 9 
0 73 219 146 292 1 1 
0 1 0 21 7 
0 73 219 146 292 1 1 
0 1 0 22 6 
0 73 219 146 292 1 1 
0 1 0 21 16 
0 73 219 146 292 1 1 
0 1 0 21 19 
0 73 219 146 292 1 1 
0 1 0 16 12 
0 73 219 146 292 1 1 
0 1 0 18 9 
0 73 219 146 292 1 1 
0 1 0 13 8 
0 73 219 146 292 1 1 
0 1 0 7 5 
0 73 219 146 292 1 1 
0 1 0 7 9 
0 73 219 146 292 1 1 
0 1 0 7 14 
0 73 219 146 292 1 1 
0 1 0 7 19 
0 73 219 146 292 1 1 
0 1 0 9 17 
0 73 292 146 365 1 1 
0 1 0 15 7 
0 73 292 146 365 1 1 
0 1 0 20 8 
0 73 292 146 365 1 1 
0 1 0 8 4 
0 73 292 146 365 1 1 
0 1 0 7 3 
0 365 146 438 219 1 1 
0 1 0 9 3 
0 365 146 438 219 1 1 
0 1 0 10 3 
0 365 146 438 219 1 1 
0 1 0 12 3 
0 365 146 438 219 1 1 
0 1 0 14 3 
0 365 146 438 219 1 1 
0 1 0 16 3 
0 365 146 438 219 1 1 
0 1 0 18 3 
0 365 146 438 219 1 1 
0 1 0 19 3 
0 365 146 438 219 1 1 
0 1 0 21 3 
0 365 146 438 219 1 1 
0 1 0 22 3 
0 365 146 438 219 1 1 
0 1 0 23 3 
0 365 146 438 219 1 1 
0 1 0 20 3 
0 365 146 438 219 1 1 
0 1 0 15 3 
0 365 146 438 219 1 1 
0 1 0 13 3 
0 365 146 438 219 1 1 
0 1 0 17 3 
0 365 146 438 219 1 1 
0 1 0 11 3 
0 365 146 438 219 1 1 
0 1 0 8 3 
0 365 146 438 219 1 1 
0 1 0 7 4 
0 365 146 438 219 1 1 
0 1 0 8 10 
0 365 146 438 219 1 1 
0 1 0 10 10 
0 365 146 438 219 1 1 
0 1 0 13 10 
0 365 146 438 219 1 1 
0 1 0 15 10 
0 365 146 438 219 1 1 
0 1 0 18 10 
0 365 146 438 219 1 1 
0 1 0 19 10 
0 365 146 438 219 1 1 
0 1 0 22 10 
0 365 146 438 219 1 1 
0 1 0 12 15 
0 365 146 438 219 1 1 
0 1 0 16 15 
0 365 146 438 219 1 1 
0 1 0 15 16 
0 365 146 438 219 1 1 
0 1 0 18 16 
0 365 146 438 219 1 1 
0 1 0 20 17 
0 365 146 438 219 1 1 
0 1 0 12 24 
0 365 146 438 219 1 1 
0 1 0 14 23 
0 365 146 438 219 1 1 
0 1 0 16 24 
0 365 146 438 219 1 1 
0 1 0 18 24 
0 365 146 438 219 1 1 
0 1 0 21 23 
0 365 146 438 219 1 1 
0 1 0 22 24 
0 365 146 438 219 1 1 
0 1 0 22 23 
0 365 146 438 219 1 1 
0 1 0 22 22 
0 365 146 438 219 1 1 
0 1 0 21 22 
0 365 146 438 219 1 1 
0 1 0 17 20 
0 365 146 438 219 1 1 
0 1 0 18 20 
0 365 146 438 219 1 1 
0 1 0 19 20 
0 365 146 438 219 1 1 
0 1 0 20 20 
0 365 146 438 219 1 1 
0 1 0 8 12 
0 365 146 438 219 1 1 
0 1 0 8 17 
0 365 146 438 219 1 1 
0 1 0 8 21 
0 365 146 438 219 1 1 
0 1 0 8 22 
0 365 146 438 219 1 1 
0 1 0 7 22 
0 365 146 438 219 1 1 
0 1 0 7 20 
0 365 146 438 219 1 1 
0 1 0 9 20 
0 365 146 438 219 1 1 
0 1 0 11 20 
0 365 146 438 219 1 1 
0 1 0 13 19 
0 365 146 438 219 1 1 
0 1 0 13 13 
0 365 146 438 219 1 1 
0 1 0 12 13 
0 365 146 438 219 1 1 
0 1 0 13 12 
0 365 146 438 219 1 1 
0 1 0 14 12 
0 365 146 438 219 1 1 
0 1 0 14 13 
0 365 146 438 219 1 1 
0 1 0 15 13 
0 365 146 438 219 1 1 
0 1 0 15 12 
0 365 146 438 219 1 1 
0 1 0 16 13 
0 365 146 438 219 1 1 
0 1 0 17 12 
0 365 146 438 219 1 1 
0 1 0 17 13 
0 365 146 438 219 1 1 
0 1 0 21 11 
0 365 146 438 219 1 1 
0 1 0 17 8 
0 365 146 438 219 1 1 
0 1 0 16 9 
0 365 146 438 219 1 1 
0 1 0 15 9 
0 365 146 438 219 1 1 
0 1 0 14 8 
0 365 146 438 219 1 1 
0 1 0 15 8 
0 365 146 438 219 1 1 
0 1 0 16 8 
0 365 146 438 219 1 1 
0 1 0 10 7 
0 365 146 438 219 1 1 
0 1 0 12 6 
0 365 146 438 219 1 1 
0 1 0 13 7 
0 365 146 438 219 1 1 
0 1 0 9 12 
0 0 0 73 73 1 1 
0 1 0 10 11 
0 0 0 73 73 1 1 
0 1 0 11 11 
0 0 0 73 73 1 1 
0 1 0 12 11 
0 0 0 73 73 1 1 
0 1 0 13 11 
0 0 0 73 73 1 1 
0 1 0 14 11 
0 0 0 73 73 1 1 
0 1 0 14 10 
0 0 0 73 73 1 1 
0 1 0 12 9 
0 0 0 73 73 1 1 
0 1 0 12 8 
0 0 0 73 73 1 1 
0 1 0 12 7 
0 0 0 73 73 1 1 
0 1 0 11 7 
0 0 0 73 73 1 1 
0 1 0 10 6 
0 0 0 73 73 1 1 
0 1 0 9 5 
0 0 0 73 73 1 1 
0 1 0 10 4 
0 0 0 73 73 1 1 
0 1 0 12 5 
0 0 0 73 73 1 1 
0 1 0 15 5 
0 0 0 73 73 1 1 
0 1 0 18 6 
0 0 0 73 73 1 1 
0 1 0 17 10 
0 0 0 73 73 1 1 
0 1 0 18 11 
0 0 0 73 73 1 1 
0 1 0 20 12 
0 0 0 73 73 1 1 
0 1 0 21 14 
0 0 0 73 73 1 1 
0 1 0 18 18 
0 0 0 73 73 1 1 
0 1 0 17 17 
0 0 0 73 73 1 1 
0 1 0 17 18 
0 0 0 73 73 1 1 
0 1 0 15 18 
0 0 0 73 73 1 1 
0 1 0 7 24 
0 0 0 73 73 1 1 
0 1 0 8 24 
0 0 0 73 73 1 1 
0 1 0 9 24 
0 0 0 73 73 1 1 
0 1 0 11 23 
0 0 0 73 73 1 1 
0 1 0 11 22 
0 0 0 73 73 1 1 
0 1 0 9 23 
0 0 0 73 73 1 1 
0 1 0 8 23 
0 0 0 73 73 1 1 
0 1 0 7 23 
0 0 0 73 73 1 1 
0 1 0 10 23 
0 0 0 73 73 1 1 
0 1 0 10 22 
0 0 0 73 73 1 1 
0 1 0 10 24 
0 0 0 73 73 1 1 
0 1 0 14 21 
0 0 0 73 73 1 1 
0 1 0 15 20 
0 0 0 73 73 1 1 
0 1 0 19 23 
0 0 0 73 73 1 1 
0 1 0 15 23 
0 0 0 73 73 1 1 
0 1 0 16 23 
0 0 0 73 73 1 1 
0 1 0 17 23 
0 0 0 73 73 1 1 
0 1 0 17 22 
0 0 0 73 73 1 1 
0 1 0 16 22 
0 0 0 73 73 1 1 
0 1 0 14 22 
0 0 0 73 73 1 1 
0 1 0 12 22 
0 0 0 73 73 1 1 
0 1 0 12 23 
0 0 0 73 73 1 1 
0 1 0 13 23 
0 0 0 73 73 1 1 
0 1 0 13 24 
0 0 0 73 73 1 1 
0 1 0 14 24 
0 0 0 73 73 1 1 
0 1 0 15 24 
0 0 0 73 73 1 1 
0 1 0 11 24 
0 0 0 73 73 1 1 
0 1 0 17 19 
0 0 0 73 73 1 1 
0 1 0 18 19 
0 0 0 73 73 1 1 
0 1 0 18 17 
0 0 0 73 73 1 1 
0 1 0 19 17 
0 0 0 73 73 1 1 
0 1 0 19 18 
0 0 0 73 73 1 1 
0 1 0 19 16 
0 0 0 73 73 1 1 
0 1 0 19 15 
0 0 0 73 73 1 1 
0 1 0 18 14 
0 0 0 73 73 1 1 
0 1 0 17 14 
0 0 0 73 73 1 1 
0 1 0 17 15 
0 0 0 73 73 1 1 
0 1 0 18 15 
0 0 0 73 73 1 1 
0 1 0 22 14 
0 0 0 73 73 1 1 
0 1 0 23 14 
0 0 0 73 73 1 1 
0 1 0 23 15 
0 0 0 73 73 1 1 
0 1 0 22 15 
0 0 0 73 73 1 1 
0 1 0 23 12 
0 0 0 73 73 1 1 
0 1 0 22 12 
0 0 0 73 73 1 1 
0 1 0 21 12 
0 0 0 73 73 1 1 
0 1 0 21 13 
0 0 0 73 73 1 1 
0 1 0 20 13 
0 0 0 73 73 1 1 
0 1 0 19 13 
0 0 0 73 73 1 1 
0 1 0 15 6 
0 0 0 73 73 1 1 
0 1 0 15 4 
0 0 0 73 73 1 1 
0 1 0 14 4 
0 0 0 73 73 1 1 
0 1 0 14 5 
0 0 0 73 73 1 1 
0 1 0 14 6 
0 0 0 73 73 1 1 
0 1 0 14 7 
0 0 0 73 73 1 1 
0 1 0 13 5 
0 0 0 73 73 1 1 
0 1 0 13 6 
0 0 0 73 73 1 1 
0 1 0 22 4 
0 0 0 73 73 1 1 
0 1 0 23 4 
0 0 0 73 73 1 1 
0 1 0 23 5 
0 0 0 73 73 1 1 
0 1 0 22 5 
0 0 0 73 73 1 1 
0 1 0 21 5 
0 0 0 73 73 1 1 
0 1 0 20 5 
0 0 0 73 73 1 1 
0 1 0 20 6 
0 0 0 73 73 1 1 
0 1 0 21 6 
0 0 0 73 73 1 1 
0 1 0 24 4 
0 0 0 73 73 1 1 
0 1 0 24 5 
0 0 0 73 73 1 1 
0 1 0 20 4 
0 0 0 73 73 1 1 
0 1 0 19 4 
0 0 0 73 73 1 1 
0 1 0 18 4 
0 0 0 73 73 1 1 
0 1 0 17 4 
0 0 0 73 73 1 1 
0 1 0 16 4 
0 0 0 73 73 1 1 
0 1 0 16 5 
0 0 0 73 73 1 1 
0 1 0 17 5 
0 0 0 73 73 1 1 
0 1 0 19 5 
0 0 0 73 73 1 1 
0 1 0 19 6 
0 0 0 73 73 1 1 
0 1 0 17 6 
0 0 0 73 73 1 1 
0 1 0 16 7 
0 0 0 73 73 1 1 
0 1 0 17 7 
0 0 0 73 73 1 1 
0 1 0 18 7 
0 0 0 73 73 1 1 
0 1 0 19 7 
0 0 0 73 73 1 1 
0 1 0 20 7 
0 0 0 73 73 1 1 
0 1 0 23 6 
0 0 0 73 73 1 1 
0 1 0 23 7 
0 0 0 73 73 1 1 
0 1 0 22 7 
0 0 0 73 73 1 1 
0 1 0 22 8 
0 0 0 73 73 1 1 
0 1 0 16 20 
0 0 0 73 73 1 1 
0 1 0 16 18 
0 0 0 73 73 1 1 
0 1 0 15 17 
0 0 0 73 73 1 1 
0 1 0 15 15 
0 0 0 73 73 1 1 
0 1 0 19 14 
0 73 219 146 292 1 1 
0 1 0 19 12 
0 73 219 146 292 1 1 
0 1 0 18 12 
0 73 219 146 292 1 1 
0 1 0 17 11 
0 73 219 146 292 1 1 
0 1 0 16 11 
0 73 219 146 292 1 1 
0 1 0 17 9 
0 73 219 146 292 1 1 
0 1 0 19 9 
0 73 219 146 292 1 1 
0 1 0 19 8 
0 73 219 146 292 1 1 
0 1 0 20 9 
0 73 219 146 292 1 1 
0 1 0 8 9 
0 73 219 146 292 1 1 
0 1 0 8 8 
0 73 219 146 292 1 1 
0 1 0 8 6 
0 73 219 146 292 1 1 
0 1 0 9 6 
0 73 219 146 292 1 1 
0 1 0 11 6 
0 73 219 146 292 1 1 
0 1 0 10 5 
0 73 219 146 292 1 1 
0 1 0 12 4 
0 73 219 146 292 1 1 
0 1 0 11 4 
0 73 219 146 292 1 1 
0 1 0 9 4 
0 73 219 146 292 1 1 
0 1 0 8 5 
0 73 219 146 292 1 1 
0 1 0 7 6 
0 73 219 146 292 1 1 
0 1 0 7 7 
0 73 219 146 292 1 1 
0 1 0 8 7 
0 73 219 146 292 1 1 
0 1 0 9 8 
0 73 219 146 292 1 1 
0 1 0 10 8 
0 73 219 146 292 1 1 
0 1 0 10 9 
0 73 219 146 292 1 1 
0 1 0 9 10 
0 73 219 146 292 1 1 
0 1 0 8 11 
0 73 219 146 292 1 1 
0 1 0 7 11 
0 73 219 146 292 1 1 
0 1 0 7 10 
0 73 219 146 292 1 1 
0 1 0 7 8 
0 73 219 146 292 1 1 
0 1 0 11 8 
0 73 219 146 292 1 1 
0 1 0 12 10 
0 73 219 146 292 1 1 
0 1 0 11 12 
0 73 219 146 292 1 1 
0 1 0 10 12 
0 73 219 146 292 1 1 
0 1 0 10 13 
0 73 219 146 292 1 1 
0 1 0 11 13 
0 73 219 146 292 1 1 
0 1 0 11 14 
0 73 219 146 292 1 1 
0 1 0 13 14 
0 73 219 146 292 1 1 
0 1 0 14 15 
0 73 219 146 292 1 1 
0 1 0 14 14 
0 73 219 146 292 1 1 
0 1 0 14 16 
0 73 219 146 292 1 1 
0 1 0 24 7 
0 73 219 146 292 1 1 
0 1 0 24 8 
0 73 219 146 292 1 1 
0 1 0 23 8 
0 73 219 146 292 1 1 
0 1 0 21 8 
0 73 219 146 292 1 1 
0 1 0 21 9 
0 73 219 146 292 1 1 
0 1 0 22 9 
0 73 219 146 292 1 1 
0 1 0 23 9 
0 73 219 146 292 1 1 
0 1 0 24 9 
0 73 219 146 292 1 1 
0 1 0 24 10 
0 73 219 146 292 1 1 
0 1 0 23 10 
0 73 219 146 292 1 1 
0 1 0 23 11 
0 73 219 146 292 1 1 
0 1 0 24 11 
0 73 219 146 292 1 1 
0 1 0 22 11 
0 73 219 146 292 1 1 
0 1 0 21 10 
0 73 219 146 292 1 1 
0 1 0 20 11 
0 73 219 146 292 1 1 
0 1 0 19 11 
0 73 219 146 292 1 1 
0 1 0 23 13 
0 73 219 146 292 1 1 
0 1 0 24 13 
0 73 219 146 292 1 1 
0 1 0 24 14 
0 73 219 146 292 1 1 
0 1 0 24 15 
0 73 219 146 292 1 1 
0 1 0 23 16 
0 73 219 146 292 1 1 
0 1 0 22 16 
0 73 219 146 292 1 1 
0 1 0 21 15 
0 73 219 146 292 1 1 
0 1 0 20 14 
0 73 219 146 292 1 1 
0 1 0 24 17 
0 73 219 146 292 1 1 
0 1 0 23 17 
0 73 219 146 292 1 1 
0 1 0 23 18 
0 73 219 146 292 1 1 
0 1 0 24 18 
0 73 219 146 292 1 1 
0 1 0 22 18 
0 73 219 146 292 1 1 
0 1 0 21 18 
0 73 219 146 292 1 1 
0 1 0 20 16 
0 73 219 146 292 1 1 
0 1 0 21 17 
0 73 219 146 292 1 1 
0 1 0 20 18 
0 73 219 146 292 1 1 
0 1 0 20 19 
0 73 219 146 292 1 1 
0 1 0 22 19 
0 73 219 146 292 1 1 
0 1 0 23 19 
0 73 219 146 292 1 1 
0 1 0 24 19 
0 73 219 146 292 1 1 
0 1 0 24 20 
0 73 219 146 292 1 1 
0 1 0 23 20 
0 73 219 146 292 1 1 
0 1 0 21 20 
0 73 219 146 292 1 1 
0 1 0 22 20 
0 73 219 146 292 1 1 
0 1 0 21 21 
0 73 219 146 292 1 1 
0 1 0 22 21 
0 73 219 146 292 1 1 
0 1 0 23 21 
0 73 219 146 292 1 1 
0 1 0 23 22 
0 73 219 146 292 1 1 
0 1 0 23 23 
0 73 219 146 292 1 1 
0 1 0 24 22 
0 73 219 146 292 1 1 
0 1 0 19 21 
0 73 219 146 292 1 1 
0 1 0 18 21 
0 73 219 146 292 1 1 
0 1 0 17 21 
0 73 219 146 292 1 1 
0 1 0 20 22 
0 73 219 146 292 1 1 
0 1 0 19 22 
0 73 219 146 292 1 1 
0 1 0 18 23 
0 73 219 146 292 1 1 
0 1 0 19 24 
0 73 219 146 292 1 1 
0 1 0 17 24 
0 0 219 73 292 1 1 
0 1 0 20 23 
0 0 219 73 292 1 1 
0 1 0 20 24 
0 0 219 73 292 1 1 
0 1 0 21 24 
0 0 219 73 292 1 1 
0 1 0 11 10 
0 0 219 73 292 1 1 
0 1 0 12 14 
0 0 219 73 292 1 1 
0 1 0 13 15 
0 0 219 73 292 1 1 
0 1 0 16 16 
0 0 219 73 292 1 1 
0 1 0 16 17 
0 0 219 73 292 1 1 
0 1 0 17 16 
0 0 219 73 292 1 1 
0 1 0 15 21 
0 0 219 73 292 1 1 
0 1 0 14 19 
0 0 219 73 292 1 1 
0 1 0 14 18 
0 0 219 73 292 1 1 
0 1 0 13 18 
0 0 219 73 292 1 1 
0 1 0 12 18 
0 0 219 73 292 1 1 
0 1 0 11 18 
0 0 219 73 292 1 1 
0 1 0 12 19 
0 0 219 73 292 1 1 
0 1 0 11 19 
0 0 219 73 292 1 1 
0 1 0 12 20 
0 0 219 73 292 1 1 
0 1 0 13 20 
0 0 219 73 292 1 1 
0 1 0 14 20 
0 0 219 73 292 1 1 
0 1 0 15 19 
0 0 219 73 292 1 1 
0 1 0 10 16 
0 0 219 73 292 1 1 
0 1 0 9 16 
0 0 219 73 292 1 1 
0 1 0 9 15 
0 0 219 73 292 1 1 
0 1 0 8 15 
0 0 219 73 292 1 1 
0 1 0 8 16 
0 0 219 73 292 1 1 
0 1 0 7 12 
0 0 219 73 292 1 1 
0 1 0 7 13 
0 0 219 73 292 1 1 
0 1 0 8 13 
0 0 219 73 292 1 1 
0 1 0 8 14 
0 0 219 73 292 1 1 
0 1 0 9 13 
0 0 219 73 292 1 1 
0 1 0 7 15 
0 0 219 73 292 1 1 
0 1 0 7 16 
0 0 219 73 292 1 1 
0 1 0 7 17 
0 0 219 73 292 1 1 
0 1 0 10 21 
0 0 219 73 292 1 1 
0 1 0 11 21 
0 0 219 73 292 1 1 
0 1 0 12 21 
0 0 219 73 292 1 1 
0 1 0 13 21 
0 0 219 73 292 1 1 
0 1 0 13 17 
0 0 219 73 292 1 1 
0 1 0 12 16 
0 0 219 73 292 1 1 
0 1 0 11 16 
0 0 219 73 292 1 1 
0 1 0 11 17 
0 0 219 73 292 1 1 
0 1 0 10 17 
0 0 219 73 292 1 1 
0 1 0 10 15 
0 0 219 73 292 1 1 
0 1 0 7 18 
0 0 219 73 292 1 1 
0 1 0 8 18 
0 0 219 73 292 1 1 
0 1 0 7 21 
0 146 0 219 73 1 1 
0 1 0 8 20 
0 146 0 219 73 1 1 
0 1 0 9 19 
0 146 0 219 73 1 1 
0 1 0 9 18 
0 146 0 219 73 1 1 
0 1 0 8 19 
0 146 0 219 73 1 1 
0 1 0 10 20 
0 146 0 219 73 1 1 
0 1 0 9 21 
0 146 0 219 73 1 1 
0 1 0 6 3 
0 511 146 584 219 1 1 
0 1 0 6 12 
0 511 146 584 219 1 1 
0 1 0 6 14 
0 511 146 584 219 1 1 
0 1 0 6 18 
0 511 146 584 219 1 1 
0 1 0 6 20 
0 511 146 584 219 1 1 
0 1 0 6 10 
0 511 146 584 219 1 1 
0 1 0 6 8 
0 511 146 584 219 1 1 
0 1 0 6 6 
0 511 146 584 219 1 1 
0 1 0 6 5 
0 511 146 584 219 1 1 
0 1 0 6 4 
0 511 146 584 219 1 1 
0 1 0 6 7 
0 511 146 584 219 1 1 
0 1 0 6 9 
0 511 146 584 219 1 1 
0 1 0 6 11 
0 511 146 584 219 1 1 
0 1 0 6 15 
0 511 146 584 219 1 1 
0 1 0 6 16 
0 511 146 584 219 1 1 
0 1 0 6 17 
0 511 146 584 219 1 1 
0 1 0 6 19 
0 511 146 584 219 1 1 
0 1 0 6 13 
0 511 146 584 219 1 1 
0 1 0 6 22 
0 511 146 584 219 1 1 
0 1 0 6 24 
0 511 146 584 219 1 1 
0 1 0 6 23 
0 511 146 584 219 1 1 
0 1 0 6 21 
0 511 146 584 219 1 1 
0 0 0 25 3 
0 219 0 292 73 1 1 
0 0 0 25 4 
0 219 0 292 73 1 1 
0 2 0 26 3 
0 219 0 292 73 1 1 
0 2 0 26 4 
0 219 0 292 73 1 1 
0 2 0 26 5 
0 219 0 292 73 1 1 
0 2 0 26 6 
0 219 0 292 73 1 1 
0 2 0 27 6 
0 219 0 292 73 1 1 
0 2 0 27 5 
0 219 0 292 73 1 1 
0 2 0 27 4 
0 219 0 292 73 1 1 
0 2 0 27 3 
0 219 0 292 73 1 1 
0 2 0 28 3 
0 219 0 292 73 1 1 
0 2 0 29 3 
0 219 0 292 73 1 1 
0 2 0 30 3 
0 219 0 292 73 1 1 
0 2 0 31 3 
0 219 0 292 73 1 1 
0 2 0 32 3 
0 219 0 292 73 1 1 
0 2 0 33 3 
0 219 0 292 73 1 1 
0 2 0 34 3 
0 219 0 292 73 1 1 
0 2 0 34 4 
0 219 0 292 73 1 1 
0 2 0 34 5 
0 219 0 292 73 1 1 
0 2 0 34 6 
0 219 0 292 73 1 1 
0 2 0 33 6 
0 219 0 292 73 1 1 
0 2 0 32 6 
0 219 0 292 73 1 1 
0 2 0 31 6 
0 219 0 292 73 1 1 
0 2 0 30 6 
0 219 0 292 73 1 1 
0 2 0 29 6 
0 219 0 292 73 1 1 
0 2 0 28 6 
0 219 0 292 73 1 1 
0 2 0 28 5 
0 219 0 292 73 1 1 
0 2 0 28 4 
0 219 0 292 73 1 1 
0 2 0 29 4 
0 219 0 292 73 1 1 
0 2 0 30 4 
0 219 0 292 73 1 1 
0 2 0 31 4 
0 219 0 292 73 1 1 
0 2 0 32 4 
0 219 0 292 73 1 1 
0 2 0 33 4 
0 219 0 292 73 1 1 
0 2 0 33 5 
0 219 0 292 73 1 1 
0 2 0 32 5 
0 219 0 292 73 1 1 
0 2 0 31 5 
0 219 0 292 73 1 1 
0 2 0 30 5 
0 219 0 292 73 1 1 
0 2 0 29 5 
0 219 0 292 73 1 1 
0 2 0 28 2 
0 657 657 730 730 1 1 
0 2 0 26 2 
0 657 657 730 730 1 1 
0 2 0 27 2 
0 657 657 730 730 1 1 
0 2 0 29 2 
0 657 657 730 730 1 1 
0 2 0 30 2 
0 657 657 730 730 1 1 
0 2 0 31 2 
0 657 657 730 730 1 1 
0 2 0 32 2 
0 657 657 730 730 1 1 
0 2 0 33 2 
0 657 657 730 730 1 1 
0 2 0 34 2 
0 657 657 730 730 1 1 
0 1 0 25 2 
0 657 657 730 730 1 1 
0 2 0 35 3 
0 219 146 292 219 1 1 
0 2 0 36 3 
0 219 146 292 219 1 1 
0 2 0 37 3 
0 219 146 292 219 1 1 
0 2 0 38 3 
0 219 146 292 219 1 1 
0 2 0 38 4 
0 219 146 292 219 1 1 
0 2 0 39 4 
0 219 146 292 219 1 1 
0 2 0 40 4 
0 219 146 292 219 1 1 
0 2 0 40 5 
0 219 146 292 219 1 1 
0 2 0 41 5 
0 219 146 292 219 1 1 
0 2 0 35 6 
0 365 146 438 219 1 1 
0 2 0 36 6 
0 365 146 438 219 1 1 
0 2 0 37 6 
0 365 146 438 219 1 1 
0 2 0 38 6 
0 365 146 438 219 1 1 
0 2 0 38 5 
0 365 146 438 219 1 1 
0 2 0 37 5 
0 365 146 438 219 1 1 
0 2 0 36 5 
0 365 146 438 219 1 1 
0 2 0 35 5 
0 365 146 438 219 1 1 
0 2 0 35 4 
0 365 146 438 219 1 1 
0 2 0 36 4 
0 365 146 438 219 1 1 
0 2 0 37 4 
0 365 146 438 219 1 1 
0 2 0 39 3 
0 365 146 438 219 1 1 
0 2 0 40 3 
0 365 146 438 219 1 1 
0 2 0 41 3 
0 365 146 438 219 1 1 
0 2 0 41 4 
0 365 146 438 219 1 1 
0 2 0 41 6 
0 365 146 438 219 1 1 
0 2 0 40 6 
0 365 146 438 219 1 1 
0 2 0 39 6 
0 365 146 438 219 1 1 
0 2 0 39 5 
0 365 146 438 219 1 1 
0 2 0 42 3 
0 365 146 438 219 1 1 
0 2 0 42 4 
0 365 146 438 219 1 1 
0 2 0 42 5 
0 365 146 438 219 1 1 
0 2 0 42 6 
0 365 146 438 219 1 1 
0 2 0 38 7 
0 365 146 438 219 1 1 
0 2 0 39 7 
0 365 146 438 219 1 1 
0 2 0 40 7 
0 365 146 438 219 1 1 
0 2 0 41 7 
0 365 146 438 219 1 1 
0 2 0 42 7 
0 365 146 438 219 1 1 
0 2 0 39 8 
0 365 146 438 219 1 1 
0 2 0 40 8 
0 365 146 438 219 1 1 
0 2 0 41 8 
0 365 146 438 219 1 1 
0 2 0 42 8 
0 365 146 438 219 1 1 
0 2 0 38 11 
0 365 146 438 219 1 1 
0 2 0 38 13 
0 365 146 438 219 1 1 
0 2 0 38 14 
0 365 146 438 219 1 1 
0 2 0 38 19 
0 365 146 438 219 1 1 
0 2 0 38 20 
0 365 146 438 219 1 1 
0 2 0 38 21 
0 365 146 438 219 1 1 
0 2 0 38 22 
0 365 146 438 219 1 1 
0 2 0 38 23 
0 365 146 438 219 1 1 
0 2 0 38 24 
0 365 146 438 219 1 1 
0 2 0 38 25 
0 365 146 438 219 1 1 
0 2 0 38 26 
0 365 146 438 219 1 1 
0 2 0 39 26 
0 365 146 438 219 1 1 
0 2 0 40 26 
0 365 146 438 219 1 1 
0 2 0 41 26 
0 365 146 438 219 1 1 
0 2 0 42 26 
0 365 146 438 219 1 1 
0 2 0 43 26 
0 365 146 438 219 1 1 
0 2 0 44 26 
0 365 146 438 219 1 1 
0 2 0 45 26 
0 365 146 438 219 1 1 
0 2 0 45 3 
0 365 146 438 219 1 1 
0 2 0 44 3 
0 365 146 438 219 1 1 
0 2 0 43 3 
0 365 146 438 219 1 1 
0 2 0 39 9 
0 292 219 365 292 1 1 
0 2 0 41 10 
0 219 219 292 292 1 1 
0 2 0 42 9 
0 219 219 292 292 1 1 
0 2 0 43 9 
0 219 219 292 292 1 1 
0 2 0 44 9 
0 219 219 292 292 1 1 
0 2 0 45 9 
0 219 219 292 292 1 1 
0 2 0 45 6 
0 219 219 292 292 1 1 
0 2 0 44 6 
0 219 219 292 292 1 1 
0 2 0 43 6 
0 219 219 292 292 1 1 
0 2 0 44 4 
0 219 219 292 292 1 1 
0 2 0 45 4 
0 219 219 292 292 1 1 
0 2 0 43 4 
0 219 219 292 292 1 1 
0 2 0 45 5 
0 219 219 292 292 1 1 
0 2 0 44 7 
0 219 219 292 292 1 1 
0 2 0 44 10 
0 219 219 292 292 1 1 
0 2 0 44 14 
0 219 219 292 292 1 1 
0 2 0 44 16 
0 219 219 292 292 1 1 
0 2 0 44 17 
0 219 219 292 292 1 1 
0 2 0 44 18 
0 219 219 292 292 1 1 
0 2 0 44 19 
0 219 219 292 292 1 1 
0 2 0 44 21 
0 219 219 292 292 1 1 
0 2 0 44 22 
0 219 219 292 292 1 1 
0 2 0 45 23 
0 219 219 292 292 1 1 
0 2 0 45 24 
0 219 219 292 292 1 1 
0 2 0 45 25 
0 219 219 292 292 1 1 
0 2 0 43 25 
0 219 219 292 292 1 1 
0 2 0 42 25 
0 219 219 292 292 1 1 
0 2 0 40 25 
0 219 219 292 292 1 1 
0 2 0 39 25 
0 219 219 292 292 1 1 
0 2 0 39 23 
0 219 219 292 292 1 1 
0 2 0 39 22 
0 219 219 292 292 1 1 
0 2 0 39 20 
0 219 219 292 292 1 1 
0 2 0 39 18 
0 219 219 292 292 1 1 
0 2 0 39 17 
0 219 219 292 292 1 1 
0 2 0 39 16 
0 219 219 292 292 1 1 
0 2 0 39 15 
0 219 219 292 292 1 1 
0 2 0 39 14 
0 219 219 292 292 1 1 
0 2 0 39 13 
0 219 219 292 292 1 1 
0 2 0 39 12 
0 219 219 292 292 1 1 
0 2 0 39 11 
0 219 219 292 292 1 1 
0 2 0 39 10 
0 219 219 292 292 1 1 
0 2 0 40 9 
0 219 219 292 292 1 1 
0 2 0 41 9 
0 219 219 292 292 1 1 
0 2 0 40 10 
0 219 219 292 292 1 1 
0 2 0 40 11 
0 219 219 292 292 1 1 
0 2 0 40 12 
0 219 219 292 292 1 1 
0 2 0 40 13 
0 219 219 292 292 1 1 
0 2 0 40 14 
0 219 219 292 292 1 1 
0 2 0 40 15 
0 219 219 292 292 1 1 
0 2 0 40 16 
0 219 219 292 292 1 1 
0 2 0 40 17 
0 219 219 292 292 1 1 
0 2 0 40 18 
0 219 219 292 292 1 1 
0 2 0 39 19 
0 219 219 292 292 1 1 
0 2 0 39 21 
0 219 219 292 292 1 1 
0 2 0 40 21 
0 219 219 292 292 1 1 
0 2 0 40 20 
0 219 219 292 292 1 1 
0 2 0 40 19 
0 219 219 292 292 1 1 
0 2 0 40 22 
0 219 219 292 292 1 1 
0 2 0 40 23 
0 219 219 292 292 1 1 
0 2 0 39 24 
0 219 219 292 292 1 1 
0 2 0 40 24 
0 219 219 292 292 1 1 
0 2 0 41 25 
0 219 219 292 292 1 1 
0 2 0 41 23 
0 219 219 292 292 1 1 
0 2 0 41 22 
0 219 219 292 292 1 1 
0 2 0 41 21 
0 219 219 292 292 1 1 
0 2 0 41 20 
0 219 219 292 292 1 1 
0 2 0 41 19 
0 219 219 292 292 1 1 
0 2 0 41 18 
0 219 219 292 292 1 1 
0 2 0 41 17 
0 219 219 292 292 1 1 
0 2 0 41 16 
0 219 219 292 292 1 1 
0 2 0 41 15 
0 219 219 292 292 1 1 
0 2 0 41 14 
0 219 219 292 292 1 1 
0 2 0 41 13 
0 219 219 292 292 1 1 
0 2 0 41 12 
0 219 219 292 292 1 1 
0 2 0 41 11 
0 219 219 292 292 1 1 
0 2 0 42 11 
0 219 219 292 292 1 1 
0 2 0 42 10 
0 219 219 292 292 1 1 
0 2 0 43 10 
0 219 219 292 292 1 1 
0 2 0 43 8 
0 219 219 292 292 1 1 
0 2 0 43 7 
0 219 219 292 292 1 1 
0 2 0 43 5 
0 219 219 292 292 1 1 
0 2 0 44 5 
0 219 219 292 292 1 1 
0 2 0 44 8 
0 219 219 292 292 1 1 
0 2 0 45 8 
0 219 219 292 292 1 1 
0 2 0 45 7 
0 219 219 292 292 1 1 
0 2 0 42 17 
0 219 219 292 292 1 1 
0 2 0 43 20 
0 219 219 292 292 1 1 
0 2 0 43 22 
0 219 219 292 292 1 1 
0 2 0 45 10 
0 219 219 292 292 1 1 
0 2 0 43 13 
0 219 219 292 292 1 1 
0 2 0 42 14 
0 219 219 292 292 1 1 
0 2 0 42 15 
0 219 219 292 292 1 1 
0 2 0 43 17 
0 219 219 292 292 1 1 
0 2 0 45 11 
0 219 219 292 292 1 1 
0 2 0 43 11 
0 219 219 292 292 1 1 
0 2 0 42 13 
0 219 219 292 292 1 1 
0 2 0 42 18 
0 219 219 292 292 1 1 
0 2 0 42 20 
0 219 219 292 292 1 1 
0 2 0 43 24 
0 0 219 73 292 1 1 
0 2 0 44 23 
0 0 219 73 292 1 1 
0 2 0 42 24 
0 0 219 73 292 1 1 
0 2 0 41 24 
0 0 219 73 292 1 1 
0 2 0 42 22 
0 0 219 73 292 1 1 
0 2 0 42 21 
0 0 219 73 292 1 1 
0 2 0 43 21 
0 0 219 73 292 1 1 
0 2 0 42 19 
0 0 219 73 292 1 1 
0 2 0 43 19 
0 0 219 73 292 1 1 
0 2 0 42 16 
0 0 219 73 292 1 1 
0 2 0 43 16 
0 0 219 73 292 1 1 
0 2 0 43 15 
0 0 219 73 292 1 1 
0 2 0 43 14 
0 0 219 73 292 1 1 
0 2 0 42 12 
0 0 219 73 292 1 1 
0 2 0 43 12 
0 0 219 73 292 1 1 
0 2 0 44 12 
0 0 219 73 292 1 1 
0 2 0 44 11 
0 0 219 73 292 1 1 
0 2 0 44 13 
0 0 219 73 292 1 1 
0 2 0 45 12 
0 0 219 73 292 1 1 
0 2 0 45 13 
0 0 219 73 292 1 1 
0 2 0 45 21 
0 0 219 73 292 1 1 
0 2 0 45 19 
0 0 219 73 292 1 1 
0 2 0 45 20 
0 0 219 73 292 1 1 
0 2 0 45 22 
0 0 219 73 292 1 1 
0 2 0 45 15 
0 0 219 73 292 1 1 
0 2 0 43 23 
0 146 146 219 219 1 1 
0 2 0 42 23 
0 146 146 219 219 1 1 
0 2 0 44 24 
0 146 146 219 219 1 1 
0 2 0 44 25 
0 146 146 219 219 1 1 
0 2 0 38 12 
0 146 146 219 219 1 1 
0 2 0 38 15 
0 146 146 219 219 1 1 
0 2 0 38 17 
0 146 146 219 219 1 1 
0 2 0 38 18 
0 146 146 219 219 1 1 
0 2 0 38 16 
0 146 146 219 219 1 1 
0 2 0 38 9 
0 146 146 219 219 1 1 
0 2 0 38 10 
0 146 146 219 219 1 1 
0 2 0 38 8 
0 146 146 219 219 1 1 
0 2 0 45 14 
0 146 146 219 219 1 1 
0 2 0 44 15 
0 146 146 219 219 1 1 
0 2 0 45 16 
0 146 146 219 219 1 1 
0 2 0 45 17 
0 146 146 219 219 1 1 
0 2 0 45 18 
0 146 146 219 219 1 1 
0 2 0 43 18 
0 146 146 219 219 1 1 
0 2 0 44 20 
0 146 146 219 219 1 1 
0 2 0 25 22 
0 584 584 657 657 1 1 
0 2 0 26 7 
0 584 657 657 730 1 1 
0 2 0 27 7 
0 584 657 657 730 1 1 
0 2 0 28 7 
0 584 657 657 730 1 1 
0 2 0 29 7 
0 584 657 657 730 1 1 
0 2 0 30 7 
0 584 657 657 730 1 1 
0 2 0 31 7 
0 584 657 657 730 1 1 
0 2 0 32 7 
0 584 657 657 730 1 1 
0 2 0 33 7 
0 584 657 657 730 1 1 
0 2 0 34 7 
0 584 1022 657 1095 1 1 
0 2 0 34 8 
0 584 949 657 1022 1 1 
0 2 0 34 9 
0 584 949 657 1022 1 1 
0 2 0 34 12 
0 584 949 657 1022 1 1 
0 2 0 34 13 
0 584 949 657 1022 1 1 
0 2 0 34 14 
0 584 949 657 1022 1 1 
0 2 0 34 15 
0 584 949 657 1022 1 1 
0 2 0 34 19 
0 584 949 657 1022 1 1 
0 2 0 34 17 
0 584 949 657 1022 1 1 
0 2 0 34 10 
0 438 949 511 1022 1 1 
0 2 0 34 11 
0 438 949 511 1022 1 1 
0 2 0 34 16 
0 438 949 511 1022 1 1 
0 2 0 34 18 
0 438 949 511 1022 1 1 
0 2 0 34 20 
0 730 803 803 876 1 1 
0 2 0 34 21 
0 730 803 803 876 1 1 
0 2 0 34 22 
0 730 803 803 876 1 1 
0 2 0 34 23 
0 730 803 803 876 1 1 
0 2 0 34 24 
0 730 803 803 876 1 1 
0 2 0 34 25 
0 730 803 803 876 1 1 
0 2 0 34 26 
0 730 803 803 876 1 1 
0 2 0 37 8 
0 511 73 584 146 1 1 
0 2 0 37 9 
0 511 73 584 146 1 1 
0 2 0 37 10 
0 511 73 584 146 1 1 
0 2 0 37 16 
0 511 73 584 146 1 1 
0 2 0 37 17 
0 511 73 584 146 1 1 
0 2 0 37 18 
0 511 73 584 146 1 1 
0 2 0 37 19 
0 511 73 584 146 1 1 
0 2 0 37 24 
0 511 73 584 146 1 1 
0 2 0 37 25 
0 511 73 584 146 1 1 
0 2 0 37 23 
0 511 73 584 146 1 1 
0 2 0 37 22 
0 511 73 584 146 1 1 
0 2 0 37 13 
0 511 73 584 146 1 1 
0 2 0 37 12 
0 511 73 584 146 1 1 
0 2 0 37 14 
0 511 73 584 146 1 1 
0 2 0 37 7 
0 511 73 584 146 1 1 
0 2 0 37 21 
0 511 73 584 146 1 1 
0 2 0 37 20 
0 511 73 584 146 1 1 
0 2 0 37 11 
0 438 73 511 146 1 1 
0 2 0 37 15 
0 438 73 511 146 1 1 
0 2 0 35 7 
0 657 365 730 438 1 1 
0 2 0 36 7 
0 657 365 730 438 1 1 
0 2 0 36 8 
0 657 365 730 438 1 1 
0 2 0 35 9 
0 657 365 730 438 1 1 
0 2 0 35 10 
0 657 365 730 438 1 1 
0 2 0 36 11 
0 657 365 730 438 1 1 
0 2 0 36 13 
0 657 365 730 438 1 1 
0 2 0 36 14 
0 657 365 730 438 1 1 
0 2 0 36 16 
0 657 365 730 438 1 1 
0 2 0 35 18 
0 657 365 730 438 1 1 
0 2 0 36 19 
0 657 365 730 438 1 1 
0 2 0 36 21 
0 657 365 730 438 1 1 
0 2 0 35 22 
0 657 365 730 438 1 1 
0 2 0 36 10 
0 511 365 584 438 1 1 
0 2 0 36 9 
0 511 365 584 438 1 1 
0 2 0 35 8 
0 511 365 584 438 1 1 
0 2 0 35 11 
0 511 365 584 438 1 1 
0 2 0 35 14 
0 511 365 584 438 1 1 
0 2 0 35 16 
0 511 365 584 438 1 1 
0 2 0 36 15 
0 511 365 584 438 1 1 
0 2 0 36 12 
0 511 365 584 438 1 1 
0 2 0 35 12 
0 511 365 584 438 1 1 
0 2 0 36 17 
0 511 365 584 438 1 1 
0 2 0 36 18 
0 511 365 584 438 1 1 
0 2 0 35 19 
0 511 365 584 438 1 1 
0 2 0 35 20 
0 511 365 584 438 1 1 
0 2 0 35 21 
0 511 365 584 438 1 1 
0 2 0 36 20 
0 511 365 584 438 1 1 
0 2 0 36 24 
0 511 365 584 438 1 1 
0 2 0 35 24 
0 511 365 584 438 1 1 
0 2 0 35 25 
0 511 365 584 438 1 1 
0 2 0 36 25 
0 511 365 584 438 1 1 
0 2 0 35 23 
0 511 365 584 438 1 1 
0 2 0 36 22 
0 511 365 584 438 1 1 
0 2 0 35 26 
0 730 219 803 292 1 1 
0 2 0 36 26 
0 730 219 803 292 1 1 
0 2 0 35 13 
0 730 219 803 292 1 1 
0 2 0 35 15 
0 730 219 803 292 1 1 
0 2 0 35 17 
0 730 219 803 292 1 1 
0 2 0 36 23 
0 730 219 803 292 1 1 
0 2 0 37 26 
0 876 73 949 146 1 1 
0 2 0 37 2 
0 657 730 730 803 1 1 
0 2 0 39 2 
0 657 730 730 803 1 1 
0 2 0 40 2 
0 657 730 730 803 1 1 
0 2 0 41 2 
0 657 730 730 803 1 1 
0 2 0 42 2 
0 657 730 730 803 1 1 
0 2 0 35 2 
0 657 730 730 803 1 1 
0 2 0 45 2 
0 511 803 584 876 1 1 
0 2 0 44 2 
0 511 803 584 876 1 1 
0 2 0 43 2 
0 511 803 584 876 1 1 
0 2 0 38 2 
0 511 803 584 876 1 1 
0 2 0 36 2 
0 511 803 584 876 1 1 
0 2 0 46 2 
0 657 876 730 949 1 1 
0 2 0 34 27 
0 438 657 511 730 1 1 
0 2 0 35 27 
0 438 730 511 803 1 1 
0 2 0 36 27 
0 438 730 511 803 1 1 
0 2 0 37 27 
0 438 730 511 803 1 1 
0 2 0 38 27 
0 438 730 511 803 1 1 
0 2 0 39 27 
0 438 730 511 803 1 1 
0 2 0 40 27 
0 438 730 511 803 1 1 
0 2 0 41 27 
0 73 657 146 730 1 1 
0 2 0 42 27 
0 73 657 146 730 1 1 
0 2 0 43 27 
0 73 657 146 730 1 1 
0 2 0 44 27 
0 73 657 146 730 1 1 
0 2 0 45 27 
0 73 657 146 730 1 1 
97 
0 0 1 17 34 
0 511 584 584 657 1 1 
0 0 1 17 33 
0 584 511 657 584 1 1 
0 0 1 17 30 
0 584 511 657 584 1 1 
0 0 1 17 28 
0 584 511 657 584 1 1 
0 0 1 17 26 
0 584 511 657 584 1 1 
0 0 1 17 32 
0 584 511 657 584 1 1 
0 0 1 17 31 
0 584 511 657 584 1 1 
0 0 1 17 27 
0 803 511 876 584 1 1 
0 0 1 17 29 
0 803 511 876 584 1 1 
0 0 1 23 35 
0 438 511 511 584 1 1 
0 0 1 23 36 
0 511 584 584 657 1 1 
0 0 1 24 36 
0 657 657 730 730 1 1 
0 0 1 7 38 
0 438 584 511 657 1 1 
0 0 1 7 47 
0 438 584 511 657 1 1 
0 0 1 16 38 
0 438 584 511 657 1 1 
0 0 1 16 50 
0 438 584 511 657 1 1 
0 0 1 7 51 
0 657 584 730 657 1 1 
0 0 1 16 51 
0 657 584 730 657 1 1 
0 0 1 16 39 
0 657 584 730 657 1 1 
0 0 1 7 42 
0 657 584 730 657 1 1 
0 0 1 7 39 
0 657 511 730 584 1 1 
0 0 1 7 40 
0 657 511 730 584 1 1 
0 0 1 7 50 
0 657 511 730 584 1 1 
0 0 1 7 48 
0 657 511 730 584 1 1 
0 0 1 7 41 
0 730 511 803 584 1 1 
0 0 1 7 49 
0 730 511 803 584 1 1 
0 0 1 25 36 
0 657 876 730 949 1 1 
0 0 1 25 37 
0 584 511 657 584 1 1 
0 0 1 25 38 
0 584 511 657 584 1 1 
0 0 1 25 42 
0 584 511 657 584 1 1 
0 0 1 25 45 
0 584 511 657 584 1 1 
0 0 1 25 47 
0 584 511 657 584 1 1 
0 0 1 25 50 
0 584 511 657 584 1 1 
0 0 1 25 48 
0 584 511 657 584 1 1 
0 0 1 25 39 
0 511 511 584 584 1 1 
0 0 1 25 41 
0 511 511 584 584 1 1 
0 0 1 25 44 
0 511 511 584 584 1 1 
0 0 1 25 43 
0 511 511 584 584 1 1 
0 0 1 25 49 
0 511 511 584 584 1 1 
0 0 1 25 51 
0 511 511 584 584 1 1 
0 0 1 25 40 
0 511 511 584 584 1 1 
0 0 1 25 46 
0 730 511 803 584 1 1 
0 0 1 25 52 
0 803 511 876 584 1 1 
0 0 1 25 53 
0 584 876 657 949 1 1 
0 0 1 24 53 
0 584 730 657 803 1 1 
0 0 1 23 53 
0 438 584 511 657 1 1 
0 0 1 23 54 
0 584 511 657 584 1 1 
0 0 1 19 40 
0 657 511 730 584 1 1 
0 0 1 19 41 
0 657 511 730 584 1 1 
0 0 1 19 48 
0 657 511 730 584 1 1 
0 0 1 19 49 
0 657 511 730 584 1 1 
0 0 1 19 42 
0 657 584 730 657 1 1 
0 0 1 19 47 
0 584 584 657 657 1 1 
0 1 1 25 11 
0 657 511 730 584 1 1 
0 1 1 25 15 
0 657 511 730 584 1 1 
0 1 1 25 19 
0 657 511 730 584 1 1 
0 1 1 25 20 
0 657 511 730 584 1 1 
0 1 1 25 22 
0 657 511 730 584 1 1 
0 1 1 25 24 
0 511 511 584 584 1 1 
0 1 1 25 23 
0 511 511 584 584 1 1 
0 1 1 25 21 
0 511 511 584 584 1 1 
0 1 1 25 18 
0 511 511 584 584 1 1 
0 1 1 25 17 
0 511 511 584 584 1 1 
0 1 1 25 10 
0 511 511 584 584 1 1 
0 1 1 25 12 
0 438 511 511 584 1 1 
0 1 1 25 13 
0 438 511 511 584 1 1 
0 1 1 25 14 
0 438 511 511 584 1 1 
0 1 1 25 16 
0 438 511 511 584 1 1 
0 1 1 17 25 
0 438 584 511 657 1 1 
0 1 1 25 9 
0 511 511 584 584 1 1 
0 1 1 25 8 
0 511 511 584 584 1 1 
0 1 1 25 7 
0 438 584 511 657 1 1 
0 2 1 46 3 
0 511 511 584 584 1 1 
0 2 1 46 4 
0 511 511 584 584 1 1 
0 2 1 46 5 
0 511 511 584 584 1 1 
0 2 1 46 10 
0 511 511 584 584 1 1 
0 2 1 46 11 
0 511 511 584 584 1 1 
0 2 1 46 15 
0 511 511 584 584 1 1 
0 2 1 46 16 
0 511 511 584 584 1 1 
0 2 1 46 17 
0 511 511 584 584 1 1 
0 2 1 46 18 
0 511 511 584 584 1 1 
0 2 1 46 19 
0 511 511 584 584 1 1 
0 2 1 46 20 
0 511 511 584 584 1 1 
0 2 1 46 21 
0 511 511 584 584 1 1 
0 2 1 46 24 
0 511 511 584 584 1 1 
0 2 1 46 25 
0 511 511 584 584 1 1 
0 2 1 46 26 
0 511 511 584 584 1 1 
0 2 1 46 13 
0 511 511 584 584 1 1 
0 2 1 46 8 
0 511 511 584 584 1 1 
0 2 1 46 7 
0 511 511 584 584 1 1 
0 2 1 46 6 
0 511 511 584 584 1 1 
0 2 1 46 9 
0 511 511 584 584 1 1 
0 2 1 46 14 
0 511 511 584 584 1 1 
0 2 1 46 12 
0 511 511 584 584 1 1 
0 2 1 46 22 
0 511 511 584 584 1 1 
0 2 1 46 23 
0 511 511 584 584 1 1 
0 2 1 46 27 
0 584 511 657 584 1 1 
5 
0 0 2 36 12 
2 0 0 145 291 2 4 
0 0 2 36 20 
2 0 0 145 291 2 4 
0 0 2 35 9 
2 146 0 291 220 2 3 
0 0 2 35 16 
2 146 0 291 220 2 3 
0 0 2 35 23 
2 146 0 291 220 2 3 
29 
1 0 0 4 55 
2 21  
1 0 0 25 35 
20 2  
1 0 0 20 38 
5 4  
1 0 0 20 47 
5 4  
1 0 0 6 33 
2 7  
1 0 0 17 38 
2 6  
1 0 0 17 50 
2 6  
1 0 0 9 50 
2 6  
1 0 0 9 38 
2 6  
1 0 0 8 38 
5 4  
1 0 0 8 47 
5 4  
1 0 0 24 53 
4 3  
1 0 0 24 33 
4 3  
1 0 0 18 33 
2 8  
1 0 0 4 33 
4 4  
1 1 0 11 25 
10 2  
1 1 0 4 25 
2 9  
1 1 0 18 26 
9 2  
1 1 0 26 8 
19 2  
1 1 0 4 1 
2 25  
1 1 0 3 1 
26 3  
1 2 0 47 1 
27 2  
1 2 0 36 7 
21 2  
1 2 0 26 7 
2 12  
1 2 0 29 1 
2 20  
1 2 0 38 12 
2 2  
1 2 0 38 20 
2 2  
1 1 0 18 25 
2 10  
1 0 0 3 33 
24 3  
27 
2 1 0 11 22 
2 1 0 12 22 
2 1 0 13 22 
2 1 0 14 22 
2 1 0 15 22 
2 1 0 16 22 
2 1 0 17 22 
2 1 0 18 22 
2 1 0 19 22 
2 1 0 10 22 
2 1 0 9 22 
2 1 0 8 22 
2 1 0 7 22 
2 1 0 6 22 
2 1 0 20 22 
2 1 0 21 22 
2 1 0 22 22 
2 1 0 23 22 
2 1 0 24 22 
2 2 0 38 8 
2 2 0 39 8 
2 2 0 40 8 
2 2 0 41 8 
2 2 0 42 8 
2 2 0 43 8 
2 2 0 44 8 
2 2 0 45 8 
12 
4 1 0 10 25 
1 6 
4 1 0 12 25 
1 6 
3 1 0 25 3 
4 4 
3 1 0 25 3 
4 4 
3 1 0 25 3 
4 4 
3 1 0 25 3 
4 4 
3 2 0 34 3 
4 4 
3 2 0 34 3 
4 4 
3 2 0 34 3 
4 4 
3 2 0 34 3 
4 4 
4 2 0 41 27 
1 6 
4 2 0 41 27 
1 6 
5 -1 0 13 43 
3131 979 
