10 
0 0 
0 
0 0 73 73 
292 219 365 292 

0 0 
0 
73 0 146 73 
292 219 365 292 

0 0 
0 
146 0 219 73 
292 219 365 292 

0 0 
0 
146 146 219 219 
292 219 365 292 

0 0 
0 
219 146 292 219 
292 219 365 292 

0 0 
0 
292 146 365 219 
292 219 365 292 

0 0 
0 
292 511 365 584 
803 365 876 438 

0 0 
0 
365 511 438 584 
803 365 876 438 

0 0 
0 
292 584 365 657 
803 365 876 438 

0 0 
0 
365 584 438 657 
803 365 876 438 

0 
0 
5 
1 0 
73 292 146 365 

1 0 
146 292 219 365 

1 0 
219 292 292 365 

1 0 
219 365 292 438 

1 0 
219 438 292 511 

0 
4 
3 0 
365 0 657 292 

3 0 
438 292 730 584 

3 0 
73 73 365 365 

3 0 
73 365 365 657 

